8350
1344
9830
4322
2506
1249
9757
2073
2793
1853
8501
2221
8226
9541
341
7296
4347
2840
4392
4297
2749
9222
1382
1123
2638
5535
8377
2876
3738
8584
5159
1049
8137
7915
4453
558
9768
3734
4398
1834
4146
9068
5807
7813
7700
6780
8563
8525
5583
8850
1265
9239
9212
7446
5714
1596
9915
4760
3129
1045
3098
1305
2189
8018
8089
444
9862
4761
2426
280
4797
4506
5821
2730
9610
4743
8164
3575
2773
1784
8087
6625
3026
9498
3367
9710
9225
1112
2163
180
6383
9371
4547
2821
4275
6892
7082
3641
8438
5643
9297
8886
4649
1630
9840
9784
7046
8557
1794
35
6927
2051
1219
4875
3977
4330
280
7630
4172
7640
6569
2154
8926
3689
3106
7251
8195
5423
9401
2247
6193
6956
2462
1272
2137
7253
8146
7442
0
3236
7383
7186
649
8405
8935
9225
6939
3744
131
2336
7339
8764
9738
1004
6495
1798
2564
8231
1757
392
3730
427
3168
4534
1582
87
635
7774
2222
8201
6129
3875
5260
9793
581
9515
22
2845
4899
6788
3762
2920
1993
2791
8562
3276
2044
7375
1657
2987
6394
4347
4650
3647
6338
5836
701
8604
1924
4307
5214
7349
2382
1837
4733
1684
4213
1609
853
9596
5168
2338
742
7380
2357
2352
3589
501
531
6390
2746
8906
2240
4824
6632
3064
5006
1980
7552
2910
1906
7526
6541
2974
1036
2428
4019
3572
6224
8964
621
9654
6021
2393
9922
6071
565
503
4896
454
6180
6024
3007
2605
5728
6076
528
2410
8711
2294
5362
6613
8815
5022
9025
8476
8214
5058
2669
3376
7320
6872
9088
7650
5855
7866
2483
7652
6131
9336
451
911
2265
6083
8106
1510
9673
3307
2571
7375
7621
1349
7164
8034
3929
1158
8502
7575
4908
5909
6508
9044
5573
7127
6827
3304
4838
6872
7509
7531
7904
1071
6989
5915
3386
2917
8380
7925
5859
9396
5864
7493
5438
8502
2599
9905
4790
9420
5944
1822
514
3100
5060
3876
254
6000
7971
4561
9057
5521
27
8813
8539
1672
3376
4528
237
5831
7524
5600
132
4126
4377
525
4798
9938
7226
1566
905
7271
2081
609
8851
4355
1484
4345
8180
4719
5451
3223
7168
1209
1576
5748
1453
6943
6482
2096
6891
6008
3770
8811
9985
5914
9440
9349
5168
3211
4323
3666
1969
3504
4515
3678
6684
7166
5005
419
2538
2446
8745
3084
9553
8411
3256
9680
296
1129
9548
4010
565
7917
3567
3925
4642
6038
8737
1335
3253
4287
9201
5355
8576
8101
7343
6129
4755
1461
5843
8387
4239
1759
4116
568
9962
6965
1286
7490
907
8032
3054
1959
3906
3237
7765
3480
7653
5367
7801
243
5888
7080
6007
3981
5424
4575
3272
5932
1306
4772
2645
6175
5744
6624
7365
7861
9668
2871
5067
2545
5778
4597
8094
2697
9758
7267
294
2750
1977
3588
4008
596
5446
5497
7028
7294
7040
4836
8245
3939
8105
9896
2423
1172
7407
2881
9068
8547
4116
1579
7728
8151
1018
7032
2235
9299
8441
7844
9350
8821
7572
935
3070
4570
7733
7977
4502
8136
5984
6537
8554
6389
8969
5063
2977
556
6309
1216
2321
5739
2075
3779
9190
3487
5818
9400
7899
4920
7528
6760
1072
2160
1479
2419
8032
1378
2390
4534
4925
1641
3566
2928
458
9920
790
6606
7830
4107
7605
2646
2988
2721
7287
3693
1722
2066
4410
4728
3218
9060
4116
3677
5726
696
420
4554
759
9157
5799
6295
5852
4938
3056
5215
2312
9079
7069
4120
3660
9537
8348
6490
2442
6079
2615
9865
7997
2676
532
8611
5416
6315
9606
2544
6387
6380
5873
4588
5943
9346
6470
7546
5209
9335
5402
7406
9174
6331
3924
8137
235
307
3840
854
2808
1331
6699
8454
1645
2827
4392
5309
6669
7646
6973
511
119
4267
1666
2227
7583
3580
2957
265
3099
5027
7435
3667
9931
4569
8632
279
2837
5959
6462
5608
4713
1070
3102
9023
316
4698
2126
6362
2480
4133
548
9347
1658
4081
4069
3872
7988
3068
4246
1173
6107
8293
2590
8183
6917
2126
645
5940
7201
4921
7015
7861
7521
5594
1963
2832
1233
3588
7768
1680
2544
3236
8289
9355
9594
4296
4374
9339
9269
481
2665
1268
4104
1186
4113
7496
8033
281
5121
9438
6940
9849
8556
9942
2086
6042
4144
3627
9246
8858
7707
3160
4120
7556
6556
5788
5050
8698
3989
1089
7330
4335
9275
7867
9563
3739
778
5375
1361
3270
8943
1688
3483
5433
2737
9882
5991
28
7884
932
7395
7383
7653
776
7899
6093
7389
7766
2866
5465
2020
5965
8370
5875
1779
9149
9354
8656
5098
159
2292
797
9250
370
8504
8730
8647
4385
1293
9778
7948
5842
9961
9496
2098
1195
6372
8008
8281
9691
5282
8737
5367
9406
7868
8464
4916
1192
9059
8511
4035
4614
3138
3044
4458
2588
8852
1979
4138
4313
4770
2759
7276
9308
8027
7437
6282
8872
4701
8879
4456
5162
8115
2686
1303
2188
2082
9463
3367
7524
9775
5445
2218
8287
5253
8179
7794
40
3984
7931
9679
2662
660
4823
1136
2934
7532
6299
651
9657
4088
9466
3643
3396
9445
8092
2568
9648
2044
4618
7149
1148
7422
3366
7656
2355
3653
2364
3306
6689
5898
7663
4679
5041
5910
5834
3773
2268
9828
7478
7827
6897
7644
6965
3349
8137
794
1412
4957
3409
51
4947
9522
9100
4547
2644
9945
6988
4135
2272
4405
8916
1561
904
6336
2648
7916
7805
7560
2587
4735
4616
2059
42
8756
8774
639
9077
811
6356
7402
5617
8662
6117
7382
9477
4636
7307
984
1191
2896
90
4880
8199
7847
8861
967
7753
4770
5534
4645
7197
6104
2052
1202
5748
1959
8747
4410
5768
1449
7955
4565
5660
2187
339
4170
983
8915
4738
8193
5168
8651
1029
2426
6274
8961
9534
7852
1672
8006
9739
1107
8213
9865
5767
1166
1474
6304
5956
161
4044
6650
9134
1927
9402
690
747
5266
4975
5659
7879
216
5167
7252
3338
4669
2798
6375
5543
5567
5251
7838
2688
3605
9862
4589
6832
2886
1598
1227
5954
7277
4931
3524
9788
3371
912
6477
8281
5891
9993
2000
9920
5144
839
8812
811
7696
5521
1259
4450
825
1838
909
6342
8522
4262
4546
7355
1782
6009
4919
4528
8800
6067
6035
8351
1274
6690
3087
1076
1508
8811
8232
1497
1219
5091
7318
7798
7070
2947
9416
1578
9814
2766
533
2981
3625
9727
5254
8931
9725
1216
5193
3966
3701
5615
1177
5870
9093
2397
6796
6345
723
7972
4616
397
53
6434
2751
6710
1368
9504
8704
5340
2030
5330
9444
8348
2209
1540
1545
3583
9496
3950
2856
1810
1663
8681
7662
2573
6451
2081
601
4765
684
9833
691
3748
2340
3846
5711
8037
8197
3204
8978
5052
6625
3267
5028
7274
9751
5265
8117
7217
1751
7271
7576
2122
353
6229
7093
6950
6731
9912
723
7358
4981
7102
7077
2716
6064
4116
4527
2851
2723
5819
4515
1264
1231
9732
7084
1818
3053
2518
2588
5563
4486
9163
6251
9240
5193
6500
7656
7314
7158
4399
5593
4881
4047
9883
9783
9707
7219
1704
4884
7821
8697
5534
8953
8576
3313
2776
8052
1906
1906
9274
1059
2624
4994
3648
3882
4036
1640
8922
292
5883
1388
5133
7351
9707
8062
5214
7013
8061
3017
1093
1938
2716
1978
2126
2711
963
3994
3332
5771
8456
3227
6644
6165
1627
4334
4384
6936
2681
9965
531
7389
5346
4600
2003
5839
209
2346
9110
8474
4250
7604
1639
4937
422
6562
4621
2933
9601
4399
5682
8711
9019
7717
4181
7636
8466
4290
765
9219
7903
2518
4887
3951
7941
1076
6933
5097
7652
5267
1101
7181
2575
268
4931
4339
9448
3103
1463
5911
3177
4495
444
3726
5913
9007
5658
5350
7647
6837
6535
245
2743
3513
3487
1290
7019
4299
8104
2352
5567
8634
1280
3765
2366
6159
4638
1429
8934
9941
3183
2019
728
4424
47
6295
6859
5312
7366
4891
743
6101
878
6107
6821
1300
9683
3205
1126
9530
6687
9521
1643
604
9834
3279
7673
9496
8865
446
6165
6627
7559
3149
6951
8342
6713
3264
8111
3581
8902
5607
7337
2821
2036
2838
5088
3137
5096
4659
567
8906
6072
7192
2112
1080
9093
4504
9469
9282
5010
3193
6579
9950
7285
2636
27
759
2927
8095
95
6145
6463
1165
8466
1317
3399
2290
9096
2473
8538
2967
6484
9020
3591
1131
8631
9611
8067
1757
346
7518
7112
6159
6276
2458
138
7694
1951
5378
4429
8604
5546
9869
8635
2609
2572
8951
2118
499
745
8715
7418
1475
2424
1013
4753
1271
7663
5788
9489
9197
1711
9913
5707
142
7028
3489
1646
4343
1343
6425
5679
7211
132
7802
4681
3914
3954
8083
204
8553
8557
9510
1667
5740
8415
3165
9969
3205
2372
2155
9357
7631
3484
9100
182
2365
3789
2692
246
4850
8779
2498
7844
3680
5605
3326
5342
45
3703
544
8134
5962
6422
5515
151
2215
7534
5972
3779
2179
7002
9600
8969
3821
6296
346
3630
1092
4707
6053
4959
7648
4608
2896
9273
367
5421
6813
6114
7514
3160
4595
950
6528
4869
7679
9587
9427
4985
9746
6587
9592
3756
5259
9472
2291
6182
9771
196
2754
3628
4424
5551
9779
9279
6463
8477
9961
2881
4763
3051
7435
9861
4387
6871
6713
4819
7011
5955
1660
9666
4694
8883
1982
2193
2915
8898
9637
1787
5050
4943
1564
5114
4542
5199
1818
6158
2920
9608
5726
1767
1468
1049
1081
5978
1927
8386
6510
3847
6860
8421
5142
8243
3514
7972
2531
1103
5903
1707
1323
4054
8636
6192
1635
1942
2562
5660
5309
6856
6708
434
4253
9477
3153
4642
7944
9276
1540
5865
2809
4941
7691
5749
6715
1723
6475
7206
5047
2896
2501
826
1002
8427
3467
386
1603
5128
76
4934
2694
9045
3323
2824
695
2654
4630
1287
6282
6552
6833
3661
5270
7764
4355
5218
5028
4529
9010
7713
466
486
3842
2193
2311
9546
1184
9439
1743
6420
2642
7433
9747
6785
8158
5717
6520
5328
8448
7161
6188
9589
155
8712
4689
2409
5873
4037
4213
6063
1800
2617
5846
6675
4305
1795
3184
8443
2838
588
3590
3323
807
6643
502
3345
7832
611
9747
9545
6541
5448
5140
3595
4565
1644
3868
5666
7701
3263
66
4789
3369
3781
5855
6039
4420
5212
2655
2245
2108
8752
2054
6599
3635
293
4691
6524
4038
9535
7694
8507
4386
7132
6058
8161
8289
379
985
9775
6516
4214
8734
4798
5163
1021
6772
9312
6267
9654
169
6366
1009
1378
48
281
4732
8023
7667
6475
9877
5527
2223
2200
7643
4287
7860
697
1686
6234
5463
3687
7483
7389
7889
4885
9142
3843
2979
270
1377
8507
7384
9203
8110
5803
5599
4182
766
1542
2843
6027
8691
5617
7484
5539
1312
5870
8520
2390
6712
2523
6337
6829
4033
3880
415
118
7870
5670
5952
5120
1132
8370
2480
9337
9244
9100
1467
8905
2502
7305
6622
3504
5409
6303
156
8992
1383
6007
626
6641
8879
5667
3126
5357
143
9291
589
5912
7098
569
5761
4377
9667
8597
6965
5231
718
433
7272
3349
8321
1669
5824
8055
379
1529
2194
1718
8985
4792
9436
20
1721
8793
9201
919
5104
150
2763
4599
857
2480
5058
7256
9264
3340
4983
7424
5036
5919
4103
4727
242
8566
7625
7467
5713
3164
6074
7209
7033
1569
3429
5712
3759
7837
7654
1916
800
2834
2541
4504
9044
6947
5576
8554
8264
6089
5119
3229
9100
5968
1646
1067
2460
9664
1981
8492
4112
3980
2533
1413
9387
731
7372
9458
7958
150
9667
7259
1485
4972
466
1513
7507
5341
7119
8034
1456
6709
4706
3932
4927
5145
7799
6228
2356
7038
6568
9671
218
3134
817
3378
2493
6
7867
8010
3693
5602
5381
2630
6056
9374
8202
3152
635
1594
9062
2309
2983
988
6632
4487
2867
4523
788
7405
4035
8332
4205
6653
4444
4141
1424
8383
9543
1249
1413
75
1213
180
7267
9242
2827
434
7209
5149
6451
1427
4336
9233
1744
2674
8647
5717
7310
6534
3795
5144
4342
4426
2792
18
9313
5356
1349
3571
7114
3736
4964
9765
8604
2100
5993
5098
6809
3060
9933
515
4189
4075
5934
4776
9288
8016
5167
9006
4899
2324
2066
5845
1395
9605
7739
5600
8297
2951
1824
6090
4330
9950
8978
2537
1246
402
8793
8752
9482
4080
3480
1114
4391
6516
5894
2416
220
2804
1585
3498
5248
1606
2540
6781
5606
4219
6898
7310
7153
6395
8570
3719
4503
3875
2981
3648
3785
6061
336
5567
1069
6159
5808
1732
1492
204
6798
5023
5100
1914
1076
5800
4149
5016
5963
3596
3205
9854
7995
2453
7766
6433
4532
8013
9290
1787
3622
9101
4590
5584
6101
6478
5317
4219
4393
6655
8909
294
5769
9239
5844
1346
3902
2169
9287
8961
1506
327
2272
6997
8560
9562
4479
5561
5129
9926
5338
5545
5228
9085
2717
7118
8235
9247
6768
4354
7428
8734
6622
7370
960
2369
3619
2766
9218
3220
8455
2975
3891
1906
1255
5201
8361
8704
2938
1008
5998
7956
3440
8382
2861
3934
7373
9051
3932
2226
532
5242
7489
964
1274
1673
550
1762
9254
544
9382
1113
264
9580
3000
9170
9999
5751
4335
4317
1426
213
3235
8775
180
3194
7878
2564
9876
1118
6299
618
4572
2068
7731
556
8751
9836
4241
6697
6129
1301
6761
9259
7358
6624
6004
6373
3271
6832
8020
524
4701
8804
6143
364
2089
3334
5980
3428
8123
8004
7722
5233
4466
2932
556
5502
9268
4101
7246
2765
5584
5946
3034
4511
2123
2150
1974
1196
6786
1192
5483
8959
336
1076
2472
7652
2288
5901
7777
7956
3546
5443
5739
3749
695
7773
8807
3653
4963
4061
6788
8761
4813
4216
1003
1866
4908
1739
9008
7258
5732
6311
9758
9085
7556
2971
6167
639
9648
7533
1839
6509
583
8829
1408
4473
8411
9777
9439
4294
9982
876
1094
6060
7271
1719
8900
1660
4729
8371
3842
9121
5792
7063
5770
1021
8573
7553
7610
5047
427
2694
257
6820
8635
4311
177
2603
9713
9299
9709
2209
3064
4010
887
505
5567
9478
7186
9263
2484
4770
3975
9802
6678
888
7775
863
2429
2991
6363
5442
2439
4471
6698
4948
6528
2407
5253
8980
8425
278
5852
4259
2638
456
3383
6798
6870
5963
7868
7280
6673
8267
2287
785
8145
5453
9286
8505
1331
3035
6416
875
1685
7860
6955
8720
9483
4097
3465
1356
7371
9153
4266
8451
4400
6466
8780
5373
808
1643
6299
247
1599
8146
4157
4530
8527
8820
5504
7959
9489
9996
3927
3015
1517
5558
2016
3678
8570
9433
3645
8151
8147
6273
5192
5511
1406
1775
9257
1790
9869
6020
5486
1829
8093
5501
7081
9480
5754
2109
8256
183
4452
218
7470
6784
4282
6257
3613
1534
2678
8641
7487
4708
3401
9825
8897
2959
6661
6340
466
8618
2295
7171
2897
4515
6717
5591
2794
7572
882
4671
3419
8403
951
2070
775
3490
5474
5430
2277
1105
2974
5722
2921
2063
1605
2236
4351
1677
8204
9555
5529
9816
7495
3789
9771
1818
3483
2687
1888
4249
4121
1747
855
5925
7234
6412
7976
6467
384
8628
7902
1772
9868
4560
9981
8194
4332
9104
418
4984
6698
1988
1527
7620
3931
9728
2916
2969
8064
7437
932
969
3352
4638
6845
6472
3900
9577
1351
9202
3252
7265
2791
9419
2472
7524
9172
1786
6032
599
9529
207
5518
9612
8499
1931
9532
1037
9026
117
4506
6704
2087
210
5159
3367
9017
6995
5244
8852
1571
5977
8917
6914
7226
4883
569
6568
2343
8494
6305
5391
3864
2755
3337
522
931
2196
4582
5509
1478
8029
4441
5934
5231
2989
8353
1852
3777
3002
3091
454
441
4999
6962
8093
7513
4904
9073
6839
6057
9694
4677
7060
4042
2688
9216
4179
1757
1792
7132
4715
9650
6276
2803
4002
2574
8863
9997
5566
6247
6377
3134
14
6146
4038
8374
9563
6543
5568
4987
2777
7452
3751
7880
3011
291
3793
189
3122
8850
4913
889
8547
711
3946
6037
567
5780
8441
3929
1701
2687
5702
3773
5545
989
8560
4687
4110
6852
8259
6876
6725
2619
9777
9619
5897
6142
5155
1356
7212
4009
5954
5627
2263
3948
6829
2812
5925
5583
8398
1795
1844
5438
9080
7451
2929
1647
2360
9636
6847
6170
8098
6820
20
7467
3883
2853
7525
4598
5226
8466
347
4467
1397
78
6023
7556
7119
7239
3363
3909
8981
6564
7132
341
9459
4494
3895
1904
702
3304
5992
5487
4901
4884
6613
1093
7954
4573
5279
6825
8405
3003
9702
6873
4195
7343
6932
7952
5611
4576
4014
8494
4018
8562
5926
6680
2451
9448
6491
7900
5948
8778
6171
9600
6619
6077
9157
1652
891
3070
1037
3330
4099
9785
7449
3795
653
2777
3581
1580
6400
9449
4207
1
3431
3990
3971
9607
6659
9916
8072
5874
5696
1290
4201
176
5286
9817
7620
4723
2387
7715
2583
7644
8308
7036
4991
2706
9822
4408
3088
9222
4072
6556
5324
1646
8244
5958
7068
5074
6492
7898
770
2410
3415
9883
7388
1310
5470
1888
386
4182
9175
1233
7522
2500
7686
8989
9687
7485
5372
5822
640
2795
3411
3890
6153
1306
8091
8003
6233
7269
7496
3627
9480
7181
1578
1539
4308
7575
5214
8917
7861
5569
3793
4482
9700
8521
6122
964
4082
2407
9987
1571
1531
4668
1586
8445
7738
6151
1228
117
5371
8543
4168
1908
2329
8188
7298
7854
8110
4581
9492
5319
8567
1957
5844
3721
8119
5395
3805
6960
7637
8641
2242
5074
5708
9461
2857
4427
736
9752
7045
7275
1434
1842
283
956
3665
9511
461
4169
2296
2037
6146
2774
7759
2324
5754
393
8352
5561
8802
9740
953
3236
5995
9011
4805
8357
5766
3977
5273
1705
1070
454
7095
5644
1719
3731
9530
1550
4365
1231
9021
9303
4343
2180
8519
2416
1032
3394
6458
389
1127
3423
2505
627
2265
8232
1691
5905
2836
372
3289
9755
2483
165
5905
1383
1771
1781
5636
3769
8850
9341
9877
3442
5515
8126
5362
8125
5032
3856
5402
8865
9317
8570
7868
6621
3622
5148
2507
9328
2772
3747
3401
4403
4125
2476
9969
3386
8979
1576
7851
9940
5933
4998
9188
9789
6810
5843
342
1346
8209
2412
3966
8762
9496
9768
1442
4891
1068
7642
1209
330
5154
9300
8250
6037
5006
7536
102
1301
7450
3346
5170
5888
7950
62
9802
4995
7038
677
1652
8363
1881
8983
8170
336
6956
5726
688
5974
3425
9460
6607
9404
7633
8014
4356
4546
5318
599
8506
5034
9680
2422
5199
9736
8178
3395
1377
2592
5120
48
4730
700
4490
5043
5182
2500
226
1855
2852
8764
9217
3114
1906
2633
5633
9860
4475
1437
3941
5558
3923
2174
1873
3070
2129
4645
3982
5013
1178
1046
1032
7912
5861
8503
359
8403
9742
1505
7648
5363
4192
4503
1053
5288
6752
1003
4546
9519
2447
4459
8458
957
9313
7929
1769
4831
7219
4065
2445
2737
7364
4315
9255
1723
8279
6403
954
479
3067
2123
6436
2833
1709
3280
2521
4730
1764
2208
4429
4589
554
4720
7657
8532
2013
7557
8962
1360
1770
9472
8499
1344
4777
4902
4721
1902
775
1887
8642
6074
4282
1329
4267
323
7377
3023
7561
2659
5585
4955
7202
6299
9373
6304
6547
4219
6406
1295
7723
1761
2609
615
5566
4219
3242
9419
1260
3792
8800
6169
2951
5647
4320
4483
3341
5947
4867
990
2358
5661
4415
5770
6343
2724
122
8393
3868
1694
9086
1797
2322
4427
61
8265
8688
7500
8349
6636
2551
2125
8062
7553
9334
94
2349
4011
6954
4959
8780
7771
9723
1089
4057
8307
9090
4495
9530
9886
2097
8393
6522
4057
4855
3376
8433
9449
166
6734
4745
8042
5564
7987
635
7312
418
8021
4686
587
8577
7352
6372
3771
5978
4972
4454
5155
1131
3014
7171
6515
9959
4034
5229
7847
5556
7093
8989
5204
7693
6025
1932
901
6507
8273
3565
8046
9780
5516
6207
6814
3418
7936
1785
8215
343
2402
6735
2143
3811
1166
5331
470
7438
1647
4429
2645
5631
9862
5429
814
4985
9684
2549
3809
9280
7660
9968
4559
8189
8434
4271
3404
2508
8929
2776
635
6819
446
2750
5146
3820
6534
1358
2512
3285
1101
1219
5073
2571
5609
1873
8560
4921
6378
3171
4748
6416
3063
2633
7227
2380
7159
5133
7866
9259
5048
9941
4871
8571
3538
7117
9392
5394
7106
2515
6597
5032
5121
8241
8819
7983
4236
3329
2958
5177
5788
7593
1645
2530
601
133
7863
6308
3892
2858
5679
8545
1092
8450
5553
4816
1385
1759
1272
5015
9494
3330
6990
1494
7823
3838
7075
7900
462
8683
8509
6358
7747
2624
5428
267
5058
5422
8091
4904
2419
739
3981
8271
2034
2268
7110
207
9367
2948
2642
8604
9646
5457
7889
7787
5732
4730
7468
5617
5161
6166
9938
2635
3902
6383
5585
8751
1845
6937
213
342
389
5213
7746
3449
5606
892
5254
6719
1431
840
7632
1219
6055
22
5542
2832
1312
1175
9491
7004
9196
1342
4943
4880
1858
9080
8215
4524
1469
2208
577
796
4087
2275
8467
2764
7388
8575
977
8028
5501
1526
1952
9256
5478
2483
2866
9370
8993
4639
4433
8332
9759
7585
9436
6298
1829
6315
6589
5006
6487
3959
5450
1698
5712
6399
5339
7652
8395
6050
7047
6402
1372
1562
4701
5140
1142
9980
6567
6463
3687
7954
7814
6593
9211
9051
5286
565
5791
4865
4208
4431
975
8708
9382
9498
3153
1948
8939
3869
5168
4768
6998
2083
1111
5020
2667
4529
3462
1185
6758
4514
1825
7992
4313
2325
6418
6162
568
2462
9128
977
355
2301
2491
7874
6076
7925
2260
7094
7407
5565
2356
3620
6629
5175
1960
3020
7143
6006
3252
8666
9080
2771
4874
829
5203
4934
588
3586
2303
1008
4787
1160
8155
4331
6534
1380
1765
6749
1626
232
5130
1855
7813
8167
7994
21
1733
5778
3225
3278
7439
3728
9317
9338
5368
9411
8281
513
7613
711
1703
5097
9928
5472
5130
5897
3509
3758
1070
3035
9856
8898
3923
5892
173
2369
5899
2099
6720
7145
1625
9876
7272
3777
521
3684
5428
3715
297
2166
8899
4627
1915
1630
5069
3313
6257
7980
8191
2749
5375
4909
5345
1180
6709
6439
8953
2815
6895
7395
2084
1644
2974
6345
9041
2167
2629
1654
7793
3423
1894
2834
2712
5601
8268
6155
5743
1718
9523
5618
1686
407
3697
7814
8555
9644
3700
1941
7128
5447
771
4296
4764
4019
4630
9951
7285
554
4577
2978
9341
3083
5029
610
8012
5058
1010
5994
6645
6148
3982
8851
5896
6707
6051
3269
6787
7738
1085
7099
6226
4793
4552
7974
8873
1267
9985
6871
508
3756
8928
1282
7116
9778
2911
6569
791
6061
563
5885
8284
3774
315
6168
479
5643
9323
132
1460
8717
2203
1939
3912
5693
8987
7265
3601
7188
268
6893
9391
7095
8983
6597
6855
3286
2431
5084
2912
6286
5256
6113
6130
9280
3882
454
2315
3834
5638
8359
7885
7055
1230
3387
4082
7529
7549
4060
3615
9417
8860
613
7502
6263
8406
363
4009
8757
9096
6651
3446
3502
1576
3145
2268
3141
279
7442
7467
1629
3227
5260
7538
2361
9359
9342
9443
953
7924
5188
1955
8971
8090
9132
4512
9667
3340
2954
7276
1864
4455
3211
2511
3551
6912
2767
9549
2427
3399
6650
5642
6708
9801
4264
2837
5799
3481
5243
6605
7115
6012
6798
5443
2290
8550
6251
1909
3283
7029
3670
4616
6485
6039
5974
7607
822
4794
5715
8235
4082
5984
4839
7160
185
8413
6175
4422
8997
7370
3149
3669
9392
2414
1249
2572
5775
897
3176
1207
8018
6932
3258
1785
4858
9783
5739
2458
1238
2643
5814
5157
724
2683
1953
2409
5216
5835
2935
921
5468
5359
3304
317
7616
1431
6490
3919
2831
163
5705
4664
9550
4347
8919
3359
249
4964
5714
8347
7725
2013
609
5357
8932
5610
9573
3817
8096
3422
3880
1235
4526
8528
8215
393
4803
2554
7947
5035
3408
2558
3931
8488
692
6529
1814
6254
2124
1633
6846
7955
8194
1333
4503
6248
34
2400
1855
304
1867
482
4504
9306
7701
3380
9219
6999
6383
4463
2905
1850
6041
4779
4442
8556
6244
1307
7084
5757
3805
544
5634
1697
6023
1154
4388
4253
3408
6764
8987
4256
2422
146
7714
1395
7653
3026
5560
74
1925
1516
7399
8576
2390
5817
5010
8625
341
4206
6345
4050
2644
5585
4457
6566
3032
1893
7784
3967
2260
1548
3129
979
7108
7739
7594
5862
9592
866
5959
6495
9369
2747
5592
8098
4285
1262
1795
1043
6314
8066
2711
1234
2688
8713
4397
7461
4963
4075
3470
9800
1926
4289
6866
667
5823
1641
5662
5433
5191
6770
2686
2647
1751
3361
1664
4887
3264
110
9042
9966
9036
5155
8297
8858
9841
7381
556
1033
9455
1078
4623
127
657
5269
4148
2864
4630
6670
9632
1980
9003
5760
8135
9530
6436
8722
4196
389
2615
4072
1272
7065
9781
1800
4228
5937
9533
4474
9885
2021
6527
4380
4447
3945
2912
8077
3747
3424
1854
9936
4671
3798
7376
9193
3890
330
6842
852
3052
936
1915
9376
7990
9745
3577
5495
3154
7487
6886
740
1497
2087
1556
1298
4313
14
5147
2659
5194
3978
6687
9223
7163
5376
9873
8438
2304
521
6671
7428
8767
8136
4073
1077
868
1852
9057
4525
4256
5541
9380
9721
9503
1158
751
5237
4392
8520
4111
882
7234
3896
291
3847
961
9677
3182
1063
569
442
6639
3269
4430
1778
4873
9866
3460
6895
812
85
755
2683
2017
5180
8318
1260
9140
8430
6790
5208
7631
4584
8769
4747
9405
8038
6159
2909
7537
9518
7287
390
3699
4333
70
5238
5010
1368
3380
3746
4252
899
9926
8067
4991
1041
496
2859
1037
7186
1178
8051
7906
6133
2308
7265
2441
6794
338
1803
5631
2306
1542
8211
2776
4214
9543
3366
4634
7961
7016
4864
2947
340
5601
5944
3848
3816
7049
3697
3032
9631
2938
6387
7299
1487
9913
808
8095
4263
2337
3390
4033
7678
4475
9378
992
3133
9908
2902
392
3070
6715
7002
8493
6045
3186
6691
2160
7536
264
131
9463
5953
3785
2574
6625
5746
1644
5329
6447
4606
8505
7272
7105
9804
3355
9589
4395
9434
3321
5365
4968
7982
489
4422
2854
2038
7167
331
6683
1182
9034
970
392
1149
4911
6145
5944
1209
6512
5830
2565
5366
1465
399
3416
7463
8149
9849
7187
3572
1419
2456
9122
1151
4208
4609
3227
3352
1118
2562
5027
8625
6670
3814
2095
265
2614
447
7854
7936
5919
9327
2609
3340
1374
4348
4660
5219
597
4062
3453
4621
2198
3962
6232
2
6295
6479
9389
3139
218
3281
5824
1043
1232
3891
25
6141
6438
1804
3276
6795
9612
4318
2434
2944
9682
5093
7070
7104
5786
9116
1391
9252
9404
8154
9340
5242
4930
1098
3547
2297
6252
7609
1389
1867
8351
5394
4305
9658
9802
1158
9753
5029
4124
2739
8694
7088
5386
5284
5337
2801
6216
7468
38
3237
4415
4684
684
7660
7742
4892
2701
1589
5123
9417
2890
4203
6541
5321
7695
2477
3139
8226
2233
4306
3729
4433
2443
538
3800
9020
9024
6324
8377
2241
8501
5443
627
9993
3747
7442
4005
5359
3491
6256
6868
7353
8014
768
5036
9812
6078
2290
9531
8145
6366
1277
3882
4108
5246
5794
7810
9127
1478
7200
1821
4803
7683
4319
339
5204
7794
5971
9343
9284
9550
3141
8161
3365
1128
6322
4100
2986
1435
559
2837
624
4292
635
7169
801
7771
1448
1630
6932
1257
4153
734
4859
4512
6900
4138
6527
4912
135
2917
3447
1361
308
7324
3726
5952
2594
7858
8282
7326
2760
8341
1599
2934
669
1754
9846
901
3065
7068
4536
6034
1281
8008
3037
8673
292
2778
8158
9556
9140
7133
7847
8611
9163
1838
2562
720
5724
9610
2291
6865
1131
5871
7377
4786
1321
2329
7327
9340
6541
2282
9597
9021
6742
1809
5979
1831
5675
1575
7679
583
3804
9829
1401
5038
9064
8355
7877
5850
6184
9661
1100
3202
9913
5446
1288
1207
4743
3557
7051
7702
3982
3042
2594
7880
3934
4659
3926
9365
4786
7285
3957
5803
8377
8978
166
5793
4450
5200
73
4104
1215
5638
9126
2499
3092
5405
2839
8211
8354
6022
3
9134
2065
6486
6613
6142
5175
5000
805
4590
8925
7487
7548
9007
4837
9887
8051
7287
4458
7393
2986
3260
9761
5316
455
9412
4652
3042
9361
4757
397
4674
6317
6404
2914
7385
9616
7125
7888
1267
6823
5493
439
2475
3596
9518
9704
4888
24
9550
5040
4144
7400
1277
9893
1938
2684
5061
1308
7746
156
3542
7996
9779
9729
5512
7464
6899
9218
343
3278
8466
3545
3956
6728
9638
7231
4229
3343
5541
7835
1077
3581
8877
7080
3958
8747
2037
3248
7523
7759
6625
3159
4290
7708
363
4547
1792
1331
3838
9964
429
7521
7239
1492
7486
6724
341
1471
2145
1773
7329
8217
6192
6023
1729
7295
5118
4955
5760
8272
4795
4426
2652
4076
9546
8586
165
5114
8516
3186
8422
3103
8550
5437
5442
223
3446
9898
9323
7626
1421
969
6854
3608
4890
6479
4566
5841
9251
3575
9687
3896
283
7700
5295
8039
2960
7734
6078
7766
7994
5616
8539
8864
6315
6678
2212
924
5779
7747
6563
8190
8907
3675
1536
5362
5199
9355
8492
6573
6691
3522
2159
122
778
2683
3648
3759
89
8361
9099
5300
5185
8501
8508
1228
2203
4406
4547
1494
4239
7792
1681
2250
2182
8705
1812
9458
8032
3969
3853
5422
1288
7501
1094
7150
6932
8439
2075
172
1679
337
7774
3934
3791
4876
335
5211
472
6478
6370
4140
6122
67
815
3382
4108
2753
5829
4718
4534
1670
2757
8926
564
4438
4314
4209
6236
5725
8337
5595
9460
3258
4150
2769
4870
9307
7478
6630
2577
9123
102
5455
489
6124
6009
52
9856
4700
6643
3515
5948
5456
4074
5254
8383
4414
2363
905
8505
7251
4226
9368
4433
1990
2219
5756
7932
8755
1100
4387
1083
3128
744
9013
4899
511
7092
8518
6457
2416
1917
4991
5954
2094
951
7733
117
6093
3835
1054
3850
411
8709
6012
7668
4738
8868
6155
4544
5948
8834
5237
6087
2518
2437
454
4636
4781
6069
8224
4841
2075
6120
766
5535
6740
822
867
314
6655
3190
9019
3158
2536
3550
1877
3589
3590
7317
3498
4440
5249
6040
1069
4126
5738
7542
5076
4436
3978
4005
9711
4375
9952
5219
3152
321
55
7916
8874
2859
4227
1080
8546
1074
8634
1458
4292
5768
7588
3081
3055
4116
1024
9566
8680
9601
9332
8207
7913
2718
5633
406
5008
9908
6736
3882
5866
451
7831
8263
6697
3646
2820
7171
4111
1473
1631
6712
3213
5214
8271
2406
7796
7936
8517
4009
2047
8689
4128
444
6334
8312
1259
5108
540
1307
4334
5173
7244
2920
3099
7214
3542
5737
9751
5462
4748
5446
5124
8298
5380
1165
7741
3220
2849
1739
7207
472
7109
5757
3921
700
5125
9687
343
2658
2521
5505
5182
2745
5952
6434
760
9442
8896
7036
5582
2115
390
1771
8619
5545
958
4383
9215
8582
2471
8941
6691
7825
9033
2283
6649
4929
4079
6677
6846
9202
4859
1035
4044
5546
9199
8766
4697
1452
1055
448
6551
5769
712
9900
5272
6263
2698
2934
84
2623
9504
9133
5044
6465
1999
8270
8078
159
8083
4717
8186
1867
9556
5076
2324
5010
3452
6606
7396
6599
8151
6551
9500
363
6460
5427
2143
7370
7578
493
7469
9004
7342
9193
9693
4576
1470
6159
7985
8576
9703
1561
6744
650
9606
2992
4874
4753
7648
7918
2063
2587
1671
8756
9308
466
3293
8077
2932
8033
959
7124
6274
1850
4390
6883
781
6887
8970
7250
8838
4083
4278
6521
3852
2797
4399
372
9294
2778
8904
6791
7251
1485
2492
978
8826
9093
8127
2177
3226
5301
3235
2576
9751
9211
1033
6958
7043
5936
9355
613
6975
1384
7505
2186
6288
9693
7618
7574
7746
6164
734
794
3965
2236
9398
7800
1303
8022
7960
9640
8242
2238
8979
2075
2546
8997
9095
9765
4169
5824
592
4510
6293
7547
5523
8659
5269
6241
7643
6762
1255
8267
3762
827
5298
5668
107
7137
5326
631
1221
5439
3071
8563
8599
4611
6268
7434
3796
2346
5677
8478
6038
303
4421
6083
7509
279
7949
2753
445
1450
6522
8417
8928
3480
8536
1998
4804
5407
2240
7207
1605
5587
5426
3776
2485
3732
7532
5
8230
2049
6279
2412
9207
8881
1406
3512
757
4855
1408
9334
4997
8544
5221
4116
3210
5879
9785
849
2153
5192
6090
2774
4406
7618
881
2801
7662
835
8527
4905
312
2620
7753
3985
1048
9562
898
8444
8275
5388
9152
2758
1161
2879
5815
5733
7834
3045
1085
3755
7837
5407
6047
7415
5363
3561
620
4119
6935
955
66
8979
2252
2818
7311
1159
9728
1521
3824
3139
8864
4306
100
5868
101
4263
7860
3704
8980
7747
38
9175
5569
3966
1341
9093
1989
5423
1674
397
547
1058
7146
6175
2512
7509
8468
9764
2894
7704
4574
7593
9712
187
85
9445
7176
7018
8807
8227
1006
2852
1917
9995
629
2945
8695
8973
7418
3163
9673
1631
324
831
7002
8491
269
1275
4410
2250
2464
1235
9685
6099
1479
6995
5844
6604
7340
2019
3313
1460
2155
6184
4289
3548
5886
6253
2250
9247
6735
5177
4086
776
6327
5975
9667
9421
2383
4519
3868
8956
1886
4346
9015
6325
5888
5798
1514
9675
3048
1237
5051
2220
2766
7871
4135
4115
318
9792
6007
3452
5818
1267
5965
1880
6001
3990
1024
9902
2853
2061
9481
1861
5928
9781
9435
886
5808
9006
7624
9584
4650
4781
1007
3177
5990
205
7471
7943
45
4128
8750
9299
2678
8130
8192
724
5829
2475
8369
6762
4786
4251
8666
850
2942
4716
1000
1414
7846
7094
2592
7746
3298
433
8297
554
1003
9992
1462
743
1850
9656
1478
3985
1289
7328
8219
7949
5478
9914
8461
3668
4856
562
6991
2472
9648
7180
5642
5133
7433
7834
6719
442
6339
5699
3463
6322
8720
3404
9045
7715
9206
4262
7344
2026
7937
5772
3316
4698
4454
8962
8082
4572
266
5707
4044
1198
8403
4963
8338
3927
6413
8019
8678
5709
5221
2339
4292
2900
0
3336
6046
6042
799
3498
4077
5573
45
8699
8313
746
1246
2247
7094
9657
8218
8228
1795
3183
6980
7038
803
5919
3129
7697
4515
2719
5892
3417
4111
349
6372
9260
803
9915
1558
3236
8923
7234
7524
5147
5843
5138
4985
654
3995
3788
7865
1608
5476
2523
844
7474
7671
9537
5016
6895
9140
3673
1698
2836
8603
6075
3236
9572
6279
8029
6177
4844
6068
5399
6601
5940
9090
9322
9586
4118
3976
7456
4783
7875
6939
19
7924
1852
5165
87
3679
4851
319
8175
8788
7385
5104
7017
5583
6453
4686
3601
5139
2847
6576
2062
6161
4162
7030
2783
401
4912
9475
227
7932
3702
535
4434
5889
6183
2295
8832
2491
1739
5176
124
4009
1271
4419
4352
6203
3220
4604
6881
3245
5096
816
3144
6585
8135
2176
1179
3376
3442
3238
6691
9113
9012
1475
6252
1929
8322
4527
4552
6677
2902
9174
7099
5312
3171
5125
690
6404
4178
595
153
638
5430
3400
1310
1087
6902
822
6979
6692
6538
3873
4900
4940
8079
6707
3938
5022
1885
9971
7632
5899
5575
7623
2236
4647
5764
375
9774
9219
6975
5330
5255
6329
8845
605
1297
9554
8199
5789
2588
4917
8239
3907
7330
1294
3138
8277
2702
715
2666
8059
6617
9351
8117
9664
8625
3366
7777
7208
8667
5120
7455
4202
3581
4219
9160
316
7736
4877
8941
1663
5993
5663
3094
341
4316
295
483
9203
5753
8399
7551
732
7299
3336
1739
4769
6181
126
8523
8355
2463
236
7011
2446
8595
1630
9183
4449
5468
1800
8194
2549
8893
8731
1943
7713
6
9756
9071
1844
8061
1079
5934
6115
4281
1368
4735
1732
1040
1283
4945
6543
1476
7059
2441
4762
839
325
3374
3883
2375
8249
2657
2307
7329
7759
215
3644
804
5151
1625
8771
2618
7659
3635
4703
5052
6747
9205
167
7441
3799
1155
1306
939
7661
8299
7431
5446
37
3016
5900
4698
9172
4641
7298
4829
4380
8718
6905
6321
4078
8243
6127
9199
7709
9314
8042
6558
7654
286
4496
2105
638
476
8291
3202
9406
1747
2931
2143
4494
3877
4104
4856
2878
2543
1630
8034
4867
6923
7968
2820
3220
2493
9510
5612
8743
3389
9910
4275
4735
7884
447
1127
8669
9984
1059
2427
3160
9915
7066
7768
9942
6379
866
1776
9878
3830
4903
4837
9283
8767
2063
9164
7809
26
2328
1474
5995
9452
9996
3782
1196
896
4050
9357
9063
7541
5399
1789
4010
9745
8573
1274
6170
8259
2244
3707
4212
516
2448
5016
3133
932
4738
5262
3587
9670
6682
4458
4697
8180
87
4833
5381
3946
3127
2284
196
1351
6130
3170
4474
353
1249
1245
43
9743
5423
3548
7303
7139
8078
3370
1516
3646
9911
3018
1271
7040
6721
9057
4847
3759
2749
7928
5866
6605
1289
426
3053
1987
6409
9359
208
7882
8571
5899
1517
1202
8641
6670
4280
1238
9324
5354
5775
3968
429
9780
3518
638
4523
7842
8493
2794
2503
3384
9046
5127
4428
6210
9121
6942
9538
8745
8232
2845
808
5602
2172
3331
3624
1232
2824
6338
5187
5212
2641
1580
1126
4281
4382
461
8459
5226
9502
5728
9512
2914
9224
6675
9714
3354
790
7661
3271
2519
7627
9995
4647
7877
6232
9801
517
1014
4505
7420
6380
6612
5893
7080
4377
5091
1280
9101
4059
3720
5837
756
5759
3691
1194
6046
7085
8760
4263
9090
6619
4370
2762
662
5309
4913
4095
2432
5316
728
8617
8907
8067
5783
502
2769
8157
1567
9458
5344
7390
2694
4336
243
3733
4926
5337
4905
3246
6894
4945
1711
9158
2680
8999
7621
1168
3576
8355
8864
9796
3850
8519
5137
5114
7148
9285
5948
6594
7292
8948
285
914
9638
7982
9639
7608
6935
5199
3511
8160
6669
5348
6090
2835
5223
906
2434
872
7918
2328
2711
3947
2933
470
3346
9831
1459
2049
4703
3029
6030
4033
5924
1868
3916
5682
8893
6923
2717
7588
4945
4040
833
5494
9909
6275
6362
2975
5311
2961
4185
1081
6239
906
2438
4973
9145
2210
6432
7254
6202
5575
168
5215
6267
3126
3035
4541
6373
2767
2025
5155
1840
6852
7854
5809
7513
1588
6749
2829
7461
7985
8332
4953
5522
4385
4050
603
4493
2683
9881
6148
7479
5166
1668
3668
934
6570
1398
4638
5282
6459
7933
1489
5607
296
6303
2531
1951
3676
5514
6940
5942
3125
6024
5580
8115
8604
4504
353
8186
7352
5353
9428
8730
6120
5510
8213
1267
8958
1565
6301
2568
730
5915
8697
8166
2315
1737
5605
9517
2035
4974
8836
1022
9312
5157
4424
3218
723
5905
470
8826
5738
265
6388
9104
9193
5641
4766
8922
296
8016
9882
347
3404
5414
7496
6173
4074
6089
9083
6785
5071
7821
9819
6028
843
857
3797
4341
5778
8551
1789
306
1030
6536
6566
4992
7136
3423
8318
6981
4708
3404
8032
9816
3579
3913
9803
7752
1466
9548
4029
159
6896
6822
2176
9698
7508
3000
385
4470
4101
6256
3577
9786
2823
3721
3899
818
2753
8580
7382
3552
3799
7324
478
7667
311
3512
3817
1717
9101
4946
3916
7910
6643
7019
4894
1034
9198
6210
1277
3735
1265
4171
9868
8168
2364
4651
3373
2333
9457
2643
966
7877
2529
7563
1300
5007
3796
9996
1614
9308
6799
4643
2526
4713
266
420
1868
6667
3032
2378
2483
9574
508
9107
8297
3082
297
3560
167
2401
4324
4901
8035
8929
7583
3867
8702
8773
9047
4406
9230
8411
8589
9911
4354
8696
4857
3205
2618
690
2976
5672
9969
9399
7666
2358
1445
4359
6907
6728
1312
9295
3654
845
9467
6519
8235
4198
7288
5644
2078
7118
9247
294
4197
2816
7502
972
5437
5415
5501
7034
1959
37
3174
5764
8603
5021
674
2010
4861
5608
9838
7484
1023
3118
2522
4901
9722
3495
2839
8465
8591
4408
5888
8835
3045
610
9087
7692
4277
3155
3422
4301
6493
9220
1041
4028
9148
5820
2463
6707
4459
2467
1420
927
7846
4959
7809
8872
9112
4932
9593
5153
5147
7529
2600
2242
743
2610
3135
4571
2696
3287
2051
3133
3792
9262
540
2526
7522
1430
7248
2760
1371
8519
3537
8864
6426
6154
8736
2379
3672
3677
7
122
2858
4281
2141
7296
8086
9582
986
3943
5374
630
532
6058
1394
3523
7695
5229
9270
9295
756
3594
6885
4555
7114
4104
5516
1479
3483
9620
1737
3156
7051
8196
3563
3082
9173
6065
2539
5629
4192
4292
7151
7658
4698
9844
9276
184
1105
6913
4694
2951
7853
9731
650
4087
678
3818
8374
1654
9465
8647
6083
3808
8965
1018
8510
9547
5341
5140
2246
2576
9917
2300
2340
6693
2780
355
4475
2259
7976
825
8785
9855
8868
9265
5921
8974
7007
2832
3319
6781
287
7472
9789
4348
6547
5980
9539
5549
6873
7365
2510
6853
8838
7382
6533
4608
3629
9904
8207
104
2639
8850
3652
1695
8442
842
7302
7560
2279
9413
6790
2298
5217
2671
4612
5526
2922
7628
2762
803
4657
6059
4795
8879
5547
8732
902
18
7417
7101
5488
6426
7585
4174
3457
7228
6861
9142
990
5312
7723
3565
8899
7428
1140
483
1854
6385
5823
1579
4749
6931
6835
1752
8220
4949
1448
4861
9016
2986
8860
9216
7249
3796
6979
6454
1844
7585
3893
2848
7522
7949
3770
7818
1490
6116
7028
418
5734
3023
2357
944
1202
4034
3887
1407
3548
1617
163
5639
6134
7209
2923
7027
4959
4654
2694
9480
1874
4106
5130
5137
7014
7083
6705
517
8698
488
896
1360
9250
9854
6294
5237
8145
9771
6225
154
9687
2582
5425
6838
1025
4723
3041
2171
7743
3823
2834
1343
8451
8659
821
6649
6911
8346
7812
1617
9998
6792
9273
165
2555
3360
7828
1793
5598
922
4273
5515
2676
8074
1483
7167
266
3100
1824
7004
1998
3516
2757
7103
3259
6458
7217
967
2225
2032
5029
973
5771
3847
9156
2775
3825
8363
5862
9685
3766
7469
1061
4131
7191
6733
6005
7821
5052
5144
4275
6950
3520
849
8604
3949
2191
1391
397
2602
8286
6229
7100
9127
5353
3988
2479
7811
2626
6774
2781
6138
1714
9162
7311
996
524
1
5468
4515
501
1084
3501
5355
2114
7847
3320
8874
5282
3841
2619
7463
5980
2453
219
603
7597
6517
3077
2681
5785
8860
1725
5449
8554
4592
9021
1182
9091
9004
3073
2030
7465
3280
8927
843
8719
3954
5187
8831
9139
1003
1150
5838
9497
3783
7186
9700
3925
3648
6143
2187
5756
6997
6368
399
7121
2768
7561
4067
7417
3932
9133
1252
6828
3411
7005
7166
5023
1047
8840
3407
1873
9715
9607
7879
6572
5498
9056
8775
3891
8954
193
9623
1493
1936
3190
6171
161
7186
2253
64
9635
5934
3979
8714
6322
2181
4433
5559
5588
941
8797
9986
534
1772
1790
1570
1232
8207
9286
9042
3230
8313
1534
377
1818
1562
6257
6765
9010
2398
5466
9854
3476
1492
3360
8632
9828
1509
3864
9596
2464
5402
5487
1412
1038
1755
8030
3214
9041
3488
390
3862
4420
3362
1219
8046
1290
2148
4489
3915
4770
3091
195
6103
6770
9315
6343
7454
9184
9231
2120
2539
2309
8654
3771
6163
599
7348
4014
406
4838
2024
3090
4528
9737
7436
4516
3022
8573
2122
1444
8503
2002
5653
160
7707
6432
9715
5713
895
8492
6294
905
7196
6011
2391
3970
1007
2665
2162
2135
7518
2989
4233
7960
8564
6810
4017
2867
3614
7305
8322
7587
4478
4898
2250
2383
6504
9962
6497
874
3483
926
6455
15
8269
802
3286
5387
6176
4344
1060
5321
3666
126
3404
9583
509
6682
7689
8354
9638
9471
4757
5068
5271
5967
7398
2282
6514
9435
1347
3249
595
8036
8480
3057
7215
4885
3001
2337
3028
6341
7978
3376
3204
393
1335
3195
5213
4363
7572
658
8523
1265
3869
4996
2710
7216
7028
1259
5664
7999
708
4180
2999
1553
837
5656
9592
4542
696
2671
4215
5384
6240
1822
8689
3191
6464
3845
3626
1886
3281
6529
3921
1468
290
7219
8435
3829
69
6787
13
8867
5173
5329
3900
7704
8897
6170
4917
3766
8040
8797
6346
9163
1393
3228
6365
3417
4507
8037
1089
3868
3368
1737
6805
2311
7103
2591
7818
355
2514
4995
487
6811
1362
1579
8474
4009
4629
8905
9019
6368
6718
1212
5158
3753
6521
1057
4145
4215
1589
7879
8125
5561
6270
5548
9072
2845
4599
7756
6375
9384
3993
5760
2102
2157
6316
6433
5911
8592
8799
9825
8892
606
8446
4524
3177
3552
67
5997
2082
2218
9884
7744
3730
3413
3753
7679
9649
4811
1543
2416
8685
2727
6846
293
5696
7279
4372
9915
3963
1988
5665
4763
45
6298
7474
5978
9887
3711
6161
4804
5355
5290
5741
3408
1165
8124
6869
7762
3095
1008
8927
9115
9804
5106
7693
1227
2155
5593
6557
8970
5973
1450
176
142
6366
4444
5604
6478
4394
5064
7434
1635
9741
2771
332
3711
6246
198
4390
7309
708
6167
6234
5503
9179
327
1510
5207
9143
3049
2464
365
426
7754
7673
6180
2460
9342
9690
4120
594
1561
349
1891
9596
8223
2773
4700
8136
8010
3767
4173
4123
311
196
9124
7072
9969
8202
7972
329
2131
4644
6093
2987
4504
6074
2605
8519
3212
1655
209
4841
201
3017
8552
8338
4671
5768
6280
2633
8349
4570
9511
1419
4634
6057
4679
3466
4557
1667
1949
7122
8344
5487
1261
1036
9944
586
6869
7660
3311
1001
7794
6104
3462
5522
1012
1416
2350
3740
1370
7967
9486
4437
7248
5721
9862
1324
3813
9489
7252
1379
6341
2886
9213
6608
4509
721
1259
895
4860
5791
1555
9814
2680
8645
4230
2742
6426
1800
8949
3465
7549
3083
6725
7525
6039
6305
7128
2038
7382
1324
26
6453
9708
9684
5774
729
892
6489
1386
862
4116
3959
6635
274
6967
7175
3236
9674
3537
7949
2351
7212
1203
8440
460
5450
3732
2201
1338
1528
231
6631
2351
2219
5062
7495
6573
6071
7294
3128
8320
722
9538
3201
8639
4671
5067
4528
8985
9250
9022
4294
5885
8370
4185
9297
6737
740
4332
8296
7043
1668
8472
3455
2374
9299
7454
5948
4153
3228
321
316
6915
1783
1598
1905
6170
7910
2232
1819
186
2667
6324
4220
6062
9588
2957
1503
300
2784
7462
3936
6801
6645
9255
1650
601
5167
4057
8551
4056
4563
6705
9652
3198
3622
7060
5655
5964
2518
5580
1119
688
2206
6995
5539
2822
3409
244
9797
159
6270
326
4036
2056
9209
3045
6794
6078
8238
6759
9414
6309
6083
6200
4203
1173
3781
2187
9591
5012
6163
7621
613
6908
6553
4531
8469
2282
5405
9183
8585
7639
2142
2176
2673
6502
9440
8402
6597
5075
4426
7249
2484
9426
1830
6989
543
2128
9966
8458
3258
5177
1651
2276
2270
7762
8620
711
6117
1975
9810
9974
5241
6939
1042
1268
9201
1950
6006
9246
9828
2264
6226
4605
3272
6896
765
3578
3295
6438
4742
772
7966
314
9451
3414
2009
7100
5872
4434
7453
8596
7656
9031
5899
8190
9262
4330
6843
6702
9921
4642
7722
4406
4277
5380
3078
6181
6151
7201
2171
7877
2734
8176
6632
5887
2687
5866
2364
8635
3148
3057
2789
8246
7407
630
3735
3009
7181
8523
3805
6417
805
1074
7902
6526
1443
6195
5722
207
7438
8717
1514
421
320
7064
6147
1091
4666
8958
7650
3376
7979
6233
1762
9177
8097
1066
9768
2560
225
5904
6874
7480
5648
7215
792
598
9383
8822
6774
1363
4648
4012
2338
7559
7834
6896
2221
3472
8874
2530
1628
9561
8414
2249
3807
7034
4957
5294
6142
8105
2309
391
7520
2873
63
1207
8537
6729
7618
7772
5279
7990
5261
1901
6870
4091
4255
8411
6738
6040
1492
5471
7676
5083
3344
6865
1136
2602
7561
6085
1925
4063
1779
7223
504
545
2051
436
6409
6835
5109
385
7989
3375
3599
4525
5588
446
4411
4339
7610
6896
6407
6733
1449
2428
5319
4650
4222
2049
449
5675
1397
3570
9869
4922
4980
4277
8260
3805
6738
828
4329
9423
6089
7251
2708
253
6769
9480
8676
2613
1131
1344
2714
8865
6048
6105
5874
2821
9771
9671
6274
9918
4838
6531
1638
9762
8097
7053
2738
6513
5313
5297
7832
8142
4426
9787
8748
9085
8523
5783
5162
2083
6833
6519
4736
4031
9684
2574
3351
7582
1203
3129
1422
4931
1821
176
9429
2722
1102
6932
8208
7326
309
4683
7326
7897
3240
8080
7875
545
3335
7494
4422
730
4832
8496
4527
2545
5847
2683
3220
2956
1633
1207
4162
6251
7008
2123
8804
8961
7948
5414
9809
8357
3698
4971
5248
8222
2389
5153
5623
4091
5110
597
6644
6377
5689
1913
6884
3889
5971
6595
902
2134
9346
4043
5271
478
8432
5930
7001
9770
6392
8308
1370
7338
5167
9863
8836
9419
8079
1449
8796
2007
8713
5736
1350
9900
2760
2097
6855
237
4598
1223
7093
1301
5775
5882
1169
9434
8295
9148
3874
7041
1602
9107
4166
2395
8530
9463
6696
7643
2091
8825
9845
4812
2003
7514
9593
946
7052
9671
9754
2489
7046
161
5580
5981
5984
312
9562
6804
6255
3886
5348
227
2260
4849
8172
9330
648
1461
7881
2495
3516
7040
3756
9149
386
6306
8651
6144
4571
7683
3661
8789
9575
6113
3572
9874
1642
8018
7566
7294
5220
9864
9359
5810
9164
4493
5830
1385
2848
4812
3458
7109
2973
2759
7438
8195
3846
2563
9229
9815
6183
1219
4444
5549
2051
5828
4516
6192
6506
7016
2347
8278
9638
9966
4302
9256
6333
9787
8308
1529
4830
5917
586
734
9346
1041
1601
4560
6491
3621
5154
7187
9962
9527
3258
983
3117
7529
3421
1496
4393
5406
4260
3947
6287
8301
9987
9482
4611
8630
4253
7224
1089
7303
9082
3831
9009
9336
5148
5683
8590
3002
5575
108
6046
631
6561
1126
7851
847
4683
2041
9664
6609
2475
1965
7565
759
1071
5822
7767
951
1059
7707
9834
8813
496
5653
7555
3974
2053
1735
1121
2227
9653
5263
3989
8457
8623
8360
7939
9253
2400
2603
201
7117
3117
2613
7286
8068
3022
7484
1104
7076
8625
3762
4393
1276
9686
4338
4024
9167
750
6021
2804
5118
3766
4876
2617
2443
6532
2439
4338
4984
3205
7827
2887
6733
9902
443
8966
1347
554
5517
2559
8590
5608
9998
7143
2699
8885
9494
7634
8495
6018
7877
9650
4607
1204
9933
2379
9667
7710
4018
2445
6483
1577
6056
1580
1315
7266
8426
6614
168
8581
7272
6307
1713
8193
9618
5916
6942
4276
7286
7005
8908
3363
8073
6992
2044
4364
5892
199
9459
9915
673
9757
8324
7672
5677
7596
8027
6006
4605
8028
3109
5657
3366
8862
3169
1343
1704
2917
4901
5067
8031
1892
7214
5905
6713
4035
9000
9450
894
6837
527
3759
5432
6042
3647
7640
3954
2685
3070
1411
1245
580
810
9933
7143
7687
8554
2569
987
6144
8194
5059
6275
7412
9075
3760
3634
895
1574
3666
6480
6733
570
7713
7796
6004
9089
6450
8367
4512
1940
3900
6481
9514
1535
7596
6640
2290
3200
8180
119
3298
5333
6717
3390
770
504
5932
1308
8137
7206
4923
795
366
8402
5616
7266
4449
2213
3210
449
4632
2165
2151
8472
8726
9222
3823
9047
7837
5553
2046
4457
8206
418
7749
2658
492
1854
4687
241
8818
3974
4022
4315
9109
8565
6688
9370
3949
1447
8994
2127
8972
8549
8743
2046
4068
4042
6221
7670
1243
3037
6865
9331
9729
4309
171
6858
8152
4318
2445
6876
3026
2406
9366
8046
2575
8456
8037
4184
5013
8507
7155
4557
806
917
8285
7858
9130
5459
781
1396
9788
424
7910
9821
3184
8312
1886
8357
2595
8915
1164
3988
4927
9790
4144
4244
8481
7940
9670
7364
8746
3331
6160
9461
6239
4362
8053
4033
3533
7781
320
6657
2208
703
9298
3034
4261
357
751
1693
6675
7994
4225
3591
2299
6971
6040
9630
4991
1471
2003
3664
2020
1515
4901
2968
2179
1983
1125
320
3724
8222
5434
1886
2312
8449
2747
2882
5432
3688
1149
8671
6476
9221
812
2333
8578
7668
9420
1093
5580
2714
5872
2967
5140
4241
522
1951
6819
138
2017
4746
6261
7455
7937
4488
5076
5692
8836
7352
4872
8033
3067
5940
3046
2075
2803
9402
7392
272
36
3918
6377
1659
5039
8808
2007
709
8743
2864
2616
6179
4816
2755
3608
2668
6818
298
5249
289
762
8281
7877
3294
3662
5092
6620
6845
4152
6919
9612
2160
2223
2483
6025
4243
1203
9399
2788
3067
6678
3079
1767
8699
3813
8873
2425
3127
6680
5547
8457
6789
608
3637
774
5728
1336
5241
3352
6118
2772
2844
2885
6497
8592
3484
8036
4469
1515
1156
9077
3848
8162
4727
4192
281
6640
845
4359
8223
8692
1320
4805
9803
8093
2292
7344
6623
2310
8118
4545
8779
4926
6377
3682
1542
2230
1640
5636
9027
8581
4724
1564
5895
1567
1032
8006
2737
9908
6297
9334
8036
4035
526
4986
9876
1834
1295
7729
3486
9694
5652
8374
6503
2101
5853
1828
2460
1400
7912
9130
4406
2971
3501
205
4798
131
5153
2502
4853
7333
1877
1342
6389
9849
7354
8876
1852
3113
5649
9858
3721
5056
62
4120
2750
405
9148
7558
5623
6731
209
5746
6525
8238
4665
6879
3821
4778
1517
3632
2633
380
4911
6741
6406
7681
9239
6643
5749
2126
586
3356
814
2503
6447
8897
4255
2444
6574
1042
5419
922
6610
1992
2840
8417
2698
560
1339
9438
9664
1978
2046
1393
7552
5031
8567
4430
1326
2351
120
6754
6347
5964
3010
5246
7869
6877
5029
1708
6286
4441
3557
938
1066
8512
6972
8044
5413
4985
764
8868
575
3236
4266
9232
3427
2161
1263
5800
3433
61
7931
3811
5448
2452
4497
4673
2941
1023
2847
9457
2177
6437
878
2703
1624
7435
5820
4656
2476
8812
2982
8982
5520
1193
3418
7402
6797
6310
3859
2237
9511
2435
4921
2813
2463
6038
9089
1925
5922
7319
8246
4104
4280
9278
1657
8304
1131
2231
9185
3811
6439
8293
1279
9666
7390
3207
6824
4697
4193
6181
2243
7389
9606
1839
480
2235
6298
2299
6405
1965
9295
1489
6017
3104
1669
8320
412
5681
451
67
1885
6591
6255
2440
8780
103
4536
8183
7744
8327
8581
1793
6889
9042
4327
3950
1012
8269
4964
5594
553
151
8862
8238
9201
7334
7860
4067
1210
830
4179
6653
8378
9612
3311
686
8370
6595
7106
7052
621
9556
6000
7771
3408
2574
1808
3855
5807
6083
2855
7975
1311
1309
1329
2970
5581
7979
8707
6714
9473
2499
8850
3604
9878
7537
9952
3056
5137
2884
5886
5752
8829
1838
4722
9136
5609
6903
7167
4657
5408
3587
522
604
7807
1304
4396
6024
6677
5918
2809
3181
6283
9384
3655
8288
3975
8085
503
2829
1297
2978
3636
703
4909
1449
6899
9598
1054
2925
4468
8578
2482
7687
6948
7671
4702
1115
9341
9399
9242
3609
4406
6665
5197
9824
3652
6181
6757
9538
4800
1708
3628
6467
8925
6790
3320
624
2708
2346
9115
4474
1193
562
5191
3044
4324
2806
872
3403
6111
5982
9253
9472
8781
8671
1542
4003
5483
5721
7423
753
4209
7483
3398
6352
2475
7835
5683
3189
7011
3339
1529
1759
5196
4381
3055
3338
5326
8002
590
1586
909
1276
8406
4774
158
3558
4230
8648
5580
5664
5409
3674
156
4196
8804
9364
5994
9582
8520
2698
8498
7098
5459
7321
4166
1234
5327
5027
2886
5019
7205
1412
6284
7636
3114
3015
2108
5581
60
4219
883
4930
1
8337
5153
4814
9895
8783
3514
5171
3503
3069
1341
4994
9045
4466
7597
855
1858
3604
2473
9317
9326
5030
3714
983
5995
1812
442
8428
529
4613
2053
4964
2462
380
6318
6385
6009
9769
5235
3121
197
1715
9345
6044
9462
8230
1244
5113
6473
2357
6865
6453
9504
7561
8699
50
9870
7286
8618
7264
1133
9359
9182
4589
640
1058
1405
7711
5704
7174
3853
7803
1303
5183
2592
195
3481
8811
4088
4118
2829
3634
3423
1013
5411
6172
8345
8095
4255
940
5635
3271
3180
8315
4
7352
6097
9751
7331
9514
9190
5873
3406
2422
403
7284
6601
4125
522
7524
7802
4824
2795
2594
3872
8022
3525
1649
1455
7138
4359
9054
6440
689
8091
8866
619
1387
3724
8966
1192
7096
3257
3581
609
4497
2203
9732
3971
9523
8212
5248
8708
2130
7316
3477
6569
6854
5310
2467
1115
4689
2573
4560
4824
6359
4209
5619
8692
1764
3861
1858
3803
5513
8712
6178
8692
3835
5279
5275
8536
3887
436
3372
2243
2489
9779
8355
1284
7658
5897
1364
9784
2973
2467
1432
8824
1759
6107
2606
9173
5341
6915
2234
5710
7235
306
5526
3735
3012
7320
3336
2010
3816
7906
7240
9927
6
1889
8394
6475
268
5266
4414
6875
663
5287
1572
8622
7551
6394
7974
2509
8121
479
7064
5722
2314
9169
9802
3512
352
2871
8140
3144
793
1202
2102
8813
5044
2037
7619
9059
5624
1928
2595
8854
7105
8940
4189
6948
618
17
1185
5359
5103
8956
1488
1935
1051
7738
6306
8826
5407
3581
9355
9373
9486
6345
1561
3463
5326
6163
9168
6691
9678
9108
5866
1819
9047
9499
7691
1978
3607
1077
2718
3802
2637
5668
6331
5259
9163
7195
6797
7343
6929
944
5220
962
8532
2839
8518
405
9542
1131
4050
2541
9823
3422
9737
6593
9868
5190
4063
2735
6969
2126
6260
9054
3277
7488
8108
5441
5442
7390
5307
9936
3356
1542
8189
7667
3829
4237
8618
5096
3449
597
2414
2565
3799
6066
4342
6307
1309
2889
5756
6991
3498
5981
3403
5678
3135
1946
1534
9590
1930
9280
8465
9520
5788
4792
3057
7876
4332
1193
6202
1384
8476
3377
7301
5284
1114
6490
6013
6493
7698
7115
5070
1663
5380
24
847
2299
1732
6862
4541
3205
6582
9856
8320
2389
3462
3190
7602
262
337
7024
2753
3474
2826
4316
903
4055
6959
8585
1345
7670
2678
1525
6041
5720
3723
3015
94
4817
4355
2450
5777
3700
8429
9579
7662
2058
1737
5052
5712
7938
4279
5758
7841
388
5083
7659
3329
1853
8624
9362
3780
428
8440
2908
8823
5576
605
4395
9643
2118
6910
5951
4623
6426
5246
2305
7846
5594
2567
9763
3026
5099
4014
2699
2568
2932
312
2918
3859
8541
4411
134
2668
3024
7447
7679
6573
2998
3614
6094
9691
4290
3271
8743
3700
3202
3720
7727
9115
2460
7483
5515
5069
6178
8621
7480
5525
3150
8665
3243
4708
645
5057
201
4847
1461
6666
870
4838
5500
2889
6836
9328
3331
5142
5963
3880
3335
2114
6294
3418
5852
3066
9559
7881
7497
6682
9618
1228
6299
6480
6291
7283
3636
7643
3024
8710
2085
4292
7633
3439
9247
657
8946
6235
6366
4402
8628
1795
7148
5432
6652
9736
6531
8935
940
1157
1413
7084
6574
1072
5302
9891
7591
943
6698
2012
4916
781
6664
8983
7223
852
4452
3283
7660
8884
1359
7962
8252
9848
2005
3087
5572
1904
9171
8217
5751
3879
2975
2300
4309
6777
7716
926
6421
4261
5
9690
6214
4786
9980
1580
9501
1100
3284
5800
2926
1227
5326
5121
3965
8718
837
9067
383
8933
1188
528
