4867
2454
9067
4187
337
6332
5192
6118
4169
8780
4501
5292
4970
3224
9920
9347
3921
3131
257
8958
3717
9907
5046
7415
2132
2379
3168
4599
3903
7828
4083
7456
4197
1344
61
2273
9290
2447
5443
7596
5208
5275
4170
448
3127
1443
56
2685
1031
2706
5142
8763
4832
3937
275
973
8477
5601
8637
3317
1869
8919
7277
530
7426
6206
3973
4551
960
3501
6699
6702
262
2516
812
215
5200
4206
4744
4376
6464
6785
8357
8516
6204
6917
9464
1372
2691
3963
3025
8929
2872
3674
4449
1710
1255
9521
3103
766
873
6981
4676
83
2278
8522
1324
1991
9462
4770
6701
1299
7428
406
8875
3355
4711
1714
7960
986
5565
6365
6785
5378
786
5030
2379
6355
3152
8734
3195
8212
3335
5437
2037
8306
4790
4321
7468
6933
1621
6453
7097
8665
1709
6079
4621
7301
8476
7674
8730
8844
8599
32
6058
9515
9701
207
2277
8709
1592
6887
5081
15
6990
4929
357
6950
2793
216
8150
3873
1006
6710
8146
6743
9158
5661
5374
2788
3678
304
5570
2980
6123
8032
6209
6257
1351
6037
3631
9874
8802
5752
8836
5934
2878
5970
4580
218
6111
4540
4195
5736
9246
3703
8189
91
5687
4748
8166
2716
3858
3485
8818
5290
9922
9276
7845
6262
5055
6781
533
8295
6002
1467
422
5642
4991
6976
9989
7038
5266
4913
5623
8451
1449
5376
9286
9283
9764
9556
5181
4984
1724
4158
3563
8884
6347
1036
5340
6089
137
4454
530
2730
1156
2675
849
4524
3331
213
1662
9663
9846
2009
1423
2371
9893
1020
7299
5134
1407
6307
4159
9533
3460
9525
367
7936
5940
3952
7867
863
867
1648
5952
7739
9211
1148
7813
1964
9465
246
6443
4778
9373
5812
1831
6189
194
5358
4487
5437
3679
3113
1296
7889
5530
6746
8470
43
5549
9542
2918
9447
3884
6854
7754
1651
4842
4934
9856
2139
4582
4881
7397
7107
6678
4373
3101
3352
1
5104
4587
4184
6679
4364
6640
5201
3988
5137
1503
1079
2952
205
2330
2102
8137
2280
1852
7053
7696
3983
3009
7309
49
8617
777
5508
3764
5076
4785
977
168
8043
404
3296
4038
7606
1996
4787
6281
869
5708
2541
3970
1746
811
657
7309
4180
7964
3760
139
8288
9951
3605
473
8592
5489
1582
178
8391
9505
1271
8442
4600
3902
6855
1915
2933
1325
5168
5557
4160
641
1410
2091
8372
6968
1173
4752
5671
945
4299
7496
8513
1649
9326
9248
3030
5047
779
3879
4138
5229
5442
5639
1917
8789
7829
490
4869
3645
9614
7475
8977
2394
2500
590
204
6825
9110
920
2059
4627
1887
797
9135
1520
5723
6616
2190
2044
5993
4608
248
49
115
4330
418
5601
7299
7955
6749
8427
8185
9505
5228
9303
3316
7142
3295
9860
6990
3298
8659
8154
907
2022
4073
2071
296
230
1810
5113
3674
9757
4019
9455
6256
22
2889
9301
6195
7010
7611
3502
2267
2739
3469
160
1402
944
2130
7516
4569
8834
1115
4822
9887
1843
4827
4055
2585
8203
9056
8387
2426
2735
5877
6107
574
4840
6043
9356
9517
3863
1573
5460
1621
6199
2090
4930
4200
2341
4641
4241
1498
8871
8231
3417
6981
9872
1109
8119
2453
4663
969
3462
4115
3847
5637
2115
9454
3702
4597
2328
3064
9714
9727
2543
3918
3639
7020
7960
1398
4934
9716
1003
2491
6578
7280
2054
7945
7399
3981
8956
888
7818
5414
3866
7469
3649
1262
3814
5357
3012
7842
6967
2669
4756
4513
57
6781
2857
3920
3693
9789
205
7206
1319
4990
6887
1837
4511
6616
2641
1487
1955
3286
504
4523
2013
4180
8828
121
9037
5745
1834
8719
1790
5921
4668
6614
8264
2327
7496
2883
4884
620
4637
440
9782
9333
8915
2101
9069
7893
8488
6791
2353
5245
3251
649
8674
7516
566
2754
6888
4498
5574
5384
5179
6395
9607
4333
2783
4209
1354
5630
3309
9451
9330
1231
3081
1416
901
7711
9852
3211
2738
8809
6882
856
9829
4806
4932
3412
5414
9124
26
5824
2164
5290
7958
381
5703
5481
7498
7155
5193
5206
2977
8498
2122
7386
3534
7866
7643
3068
661
8523
853
5343
7919
3494
5312
7621
6653
4086
8653
7384
9434
678
743
1749
8491
6116
9056
1762
9947
9008
6038
8182
5848
1500
2210
2716
5108
3696
415
5167
1317
4777
1194
8721
140
9110
6633
2779
1443
4134
169
5132
1692
5682
2839
3012
260
5505
2226
5659
9229
5271
8992
9344
42
1064
7265
9549
1944
2485
9418
3909
6493
896
2769
3923
9673
2017
5640
2971
8114
9135
2826
3173
8763
4532
6049
3840
1966
8355
3231
9814
6407
6147
1537
8901
552
8520
3052
3731
9388
9033
8693
4928
7054
9256
5477
9229
5736
3189
4652
8344
8645
6758
3323
1780
253
1923
220
9570
102
9105
7037
8918
7401
6076
344
2170
2458
6274
5552
2148
7509
4530
3563
4913
3898
3661
2850
9336
4802
1046
4518
7441
2643
363
5575
9451
8203
9961
6136
2696
4051
6047
9554
4093
8395
5780
578
1787
6642
2664
5580
2726
7130
4224
565
9430
4290
9827
7302
1010
7241
4748
5170
655
4315
5104
6576
4166
4348
7076
6693
1936
3671
3063
4132
9778
3732
6803
7706
2391
7993
9314
5901
6946
8351
7587
9879
3241
702
8356
7866
1211
6472
9983
8684
6178
1919
6533
4770
7158
9908
9445
584
3807
9383
3849
552
3112
6321
8552
1798
7830
6131
979
855
4849
1573
976
255
3132
2151
220
445
7729
613
7260
4832
8438
9735
1703
918
9159
7852
4902
8482
6693
4756
8644
6525
5820
528
7837
4345
855
8612
7914
8471
2552
1029
2808
6457
3234
8034
4734
553
2319
6635
2702
9145
9056
2522
2777
1474
9169
7677
9358
1717
7422
1601
3458
1678
8600
7588
914
7553
5319
6641
709
5087
2254
803
1216
9181
2839
4468
35
8560
6341
7006
1334
3459
289
2489
3122
4443
5712
2685
5714
3463
336
7555
1803
4056
8001
3493
8026
6159
870
3292
7662
2471
4743
3357
4224
7495
6732
3131
6066
7432
8885
8847
2874
8987
980
8749
5918
7759
597
9760
5278
2416
8865
6166
8918
9113
5817
9405
438
1733
154
4212
4614
7442
4414
559
2403
3769
8004
2593
45
2981
7414
5579
25
1858
5002
9288
5263
150
5179
1633
1683
8976
9596
9489
8501
1204
963
4543
9992
9486
8511
839
7316
3981
6770
7207
4050
1105
3380
2161
4456
6609
896
1077
9269
1190
2207
5423
9773
4513
9114
1672
7301
3931
8847
3165
1935
7586
3868
1596
1127
7576
6166
6115
6276
7861
8437
7053
2841
3272
1042
8212
7516
545
5438
6318
4150
9636
1872
8772
8685
3771
1622
1148
2157
9636
1740
4015
17
4901
3351
4616
5444
8915
2934
2694
4115
3755
9671
1329
8007
7133
947
3031
6158
5600
2420
8527
1074
6443
8649
708
466
9257
5252
9012
5350
3695
3775
126
7190
8184
6013
9420
8727
5476
5416
3662
5419
4867
9372
9777
6993
7578
7652
6153
1512
1399
9134
2836
7595
3011
1009
4332
3912
1571
2130
4171
8967
5146
4897
3440
8263
2342
8118
6489
493
5100
6692
5746
9094
5040
2588
4163
628
4959
5634
8197
6880
9137
1913
6430
3204
947
2192
8925
1751
3956
2729
264
4494
3137
6071
4837
7649
6163
9980
6374
6038
801
8523
5026
3217
3382
530
4316
791
5019
7117
7205
8217
6813
1772
5196
2629
2626
3653
6917
6750
8166
7124
2938
1742
8112
8358
1729
1089
8799
2844
7588
963
2574
6043
5149
2393
1385
3077
6645
574
1323
2387
7480
7105
6982
2536
2877
1616
4240
1008
3352
312
2832
8753
9621
254
5491
4480
8147
9880
8764
8278
7014
8232
1702
4962
8044
7607
2538
3789
5165
6952
192
2622
924
6237
6994
1481
2719
5224
1361
2485
7847
3592
4336
673
1797
3226
1851
2897
7323
7605
5431
47
2799
7700
7561
1262
7130
8574
4456
7417
5027
5944
8132
5210
877
7395
1740
2463
1622
8618
6998
9866
9054
1083
174
4331
9788
3919
3612
4380
6787
9361
3023
8510
9761
8162
6927
3390
3035
8600
3488
9911
8537
284
1764
1571
8453
1923
8897
1560
6795
355
2147
1938
1626
6738
4834
809
18
4582
8210
1080
5946
3486
7105
7493
7284
1889
5784
6961
1805
1928
1847
928
3687
9588
265
7480
1376
3713
6670
5198
4898
8183
8856
442
5681
2557
8156
4595
4801
7859
7787
8103
6180
5793
3583
3684
9719
1673
3630
1948
5615
3597
7220
8851
5176
3010
289
5890
5324
4677
4038
792
3699
7323
5774
8515
8758
9704
6204
9837
4606
711
5368
7579
3422
6291
195
8510
9288
365
283
2390
5988
1793
4893
8283
7940
4421
3402
2253
7763
2728
3498
9882
6223
1266
6214
1638
286
2099
4640
9102
2837
833
3547
5238
3254
8418
508
2527
1481
2918
5190
8579
9503
2702
2367
72
3172
66
6017
2346
4283
2262
6308
3759
7402
5061
8708
1090
8550
2533
4588
4642
3111
5564
5662
9481
8487
767
408
2302
2959
926
9228
1761
6007
7864
6481
3814
6853
8735
1821
2586
7440
7131
230
1611
3222
1109
57
9889
141
1261
1001
2149
9028
3308
9482
2950
9254
1321
7098
9798
1951
9669
9017
1336
9335
4028
3025
2860
770
4425
6711
2860
8092
6124
9782
1149
2381
7451
900
1237
1935
7114
3539
7015
6448
7450
3387
6606
5596
4172
586
4259
1156
7646
3724
4552
514
5504
8867
1833
6053
1510
6219
1840
9235
945
8968
1747
432
8560
3760
9477
5543
1092
9930
3092
8269
2767
5050
6291
2553
8756
7692
6596
3145
8626
4368
8703
3482
9018
6561
6631
9187
2404
5453
4815
2346
6695
6536
73
6439
8632
3605
3528
4281
2483
1840
3953
1698
4351
2618
1813
7745
1577
8526
6271
8260
6182
5632
5824
3298
1060
1480
6939
546
7729
1521
4000
6215
4843
3713
8229
2119
7379
905
2844
2630
7452
3248
6651
8035
9022
8393
8511
1467
443
5493
679
5013
736
161
9895
6857
7748
1425
1243
5417
8979
8466
1371
8287
8711
4455
4377
3506
8317
7187
5852
8201
149
1308
7977
4935
9240
5016
1322
9274
1187
4784
7040
2989
9097
5378
6531
6099
7171
8748
4333
7525
3687
4694
3981
8498
1450
8188
5885
5088
9558
3091
905
6194
6320
9724
3224
1194
9528
4146
1368
7068
6898
371
6774
8246
6503
2782
5182
3728
4250
4966
7317
5055
3094
2914
1780
5614
6522
5051
4951
6464
7102
8933
9727
6366
9398
4611
7444
4022
5383
7644
5015
8687
9650
499
2393
1211
1162
9764
3834
1418
8086
7893
128
9183
2308
2560
7946
6067
669
3643
6747
1494
626
7750
3359
2490
9115
2877
9206
8817
4694
1251
5451
5992
4729
6683
6885
7090
1295
3903
6198
532
1817
1242
6540
5097
2978
4728
1694
5295
9406
1267
46
9949
1780
867
611
4320
2603
3080
6858
1439
1659
777
6757
1457
7365
5197
5594
8757
4676
9784
1414
5332
4971
6759
1667
5526
8455
9607
3614
1578
4984
6673
362
1660
4970
5953
9004
2053
8000
8804
7289
2990
3198
773
479
3256
1958
1076
611
2161
668
8292
6248
8690
8318
8833
1983
6762
1455
6408
3480
2381
6881
5299
5583
3170
654
7569
8219
3293
547
4522
7184
7085
7872
5720
4703
2849
3805
4604
7657
4227
4773
8432
9784
304
1225
1617
7828
7187
4238
5800
578
3182
4773
7025
4106
6884
1137
231
6045
2510
1201
3974
6788
9629
7296
3706
5623
5071
3332
309
5461
3253
5667
1624
627
7411
1510
8652
8414
8299
1257
4839
6531
8820
4017
6403
5469
2719
8852
3971
6827
3008
7728
1029
6162
1092
58
2612
1617
720
2819
8462
7656
1813
4740
8520
6599
7998
7794
4978
9340
8236
4337
4400
613
7326
3625
5415
3492
2255
7157
2382
2410
1386
8316
3058
3944
1289
8136
8790
9816
1648
5634
9063
7156
2155
8143
8299
6933
6515
4352
1761
2602
7803
334
9108
7581
6265
6749
8708
1905
5384
3628
3187
5593
4501
7671
6798
8614
6646
5807
8245
5177
8343
7953
8340
3043
4104
1323
485
6973
2089
8476
3408
9099
8994
1306
9769
7988
1572
3651
1340
2489
9463
5846
1284
6065
8928
5626
6728
2243
9983
1072
320
2060
19
2996
7745
9952
5459
6068
9247
5372
9239
315
7184
3644
6023
7173
8306
1013
8891
7189
9029
5704
961
9691
4314
8865
2926
8242
5933
6763
2785
9566
3875
8294
7210
7754
5445
9956
4899
46
206
3788
1080
5242
5336
2474
8845
887
5186
9781
7411
792
888
3830
9614
128
708
5319
903
1411
9477
2721
9985
974
5966
1750
6846
2213
314
6947
7376
8846
9746
9080
5049
8697
9712
3263
9181
6102
9353
9181
6205
8940
4680
6598
5068
4505
250
6495
374
6964
267
541
7227
7955
3032
9419
9851
1089
8437
3529
2023
519
6814
8008
1107
3545
8873
7626
9047
7328
659
6192
3068
138
4553
9326
6039
8340
7132
9144
1426
1264
7430
4283
652
7544
4574
8976
1227
8053
2087
394
2547
2621
7233
4427
2458
9933
7722
6132
1777
2609
4800
2707
5858
2404
1287
3553
1954
3609
5506
4150
8683
6324
7171
7904
9170
5082
9337
2858
2644
2458
1238
8214
137
1752
504
8990
8759
7633
9618
5813
5550
8684
740
852
6326
1238
5044
176
7111
9547
7549
7480
5762
3397
6154
4015
9232
623
3990
4838
7523
8572
7548
2018
8858
5598
9116
1336
1833
907
991
176
9411
8653
649
810
6461
104
600
5084
7318
5924
4014
3627
2246
9089
7363
5143
2110
7854
4310
9089
8628
7301
852
8085
3552
7470
349
4799
3885
5858
8473
1710
1800
2142
2332
1141
7326
3410
5101
7288
9055
8854
7287
1557
3139
3957
8476
7492
3672
5509
8864
1764
8154
422
8166
3320
244
3346
586
3593
8211
273
8504
6896
1581
7975
4161
1608
393
1985
8302
9563
1113
9069
6946
3162
833
3617
2727
7198
6656
1286
5187
5065
313
7312
5167
7151
9038
1417
2114
2519
2411
5994
9459
3717
1561
9329
2506
8496
1387
1057
5309
1577
8758
2721
7815
4200
9568
2342
2287
9095
5442
8265
8467
3816
6426
4172
203
5898
9516
4120
2434
9158
4107
3755
6265
1670
4515
1410
1669
2433
6619
733
1828
5533
366
4671
521
7748
2395
9171
4121
7968
3335
3820
2726
4534
2500
5758
775
9674
8642
2682
6065
8567
9150
546
7522
4273
1718
1617
6312
8721
1820
8978
1905
4293
6587
4275
4556
143
645
6507
8365
2319
2335
1037
4501
7004
9332
9611
2535
1754
1159
4165
8854
479
2334
9466
5117
4075
3965
2204
6393
145
3493
7089
8173
2022
1986
3680
3824
9440
5882
1227
9191
625
5413
2631
9027
8349
5083
2782
781
475
2494
999
4781
9001
612
2067
6351
167
5097
5449
4592
2307
2734
7680
4593
7321
9199
8617
4706
6344
4373
8281
8177
94
1288
7361
8916
9602
373
1065
4452
3610
4154
3033
5265
4806
8808
3220
8549
8193
8029
1320
6249
1443
1582
5155
1704
8856
5578
1682
6611
7673
4050
6795
180
7930
1702
8944
5340
4779
5868
722
2619
5254
1628
2067
972
9837
7825
8462
6188
2854
3273
7641
1791
4743
1852
8692
4360
3501
2350
8140
5037
2293
3969
8679
1700
5088
1193
7477
1714
2454
2366
2713
3482
5216
4787
8898
6120
4499
5364
3847
508
2926
9965
2756
1666
3178
6472
7714
1978
6967
6257
4206
7125
9575
6279
9723
1750
2537
9374
3344
9878
9827
3386
9423
5861
894
785
2858
5287
7361
9135
8307
1639
8763
9386
699
3773
6820
3324
9875
1282
6939
3713
7843
9716
331
678
3210
5228
21
5705
3643
8773
9296
257
3891
3194
1669
9461
3859
2716
7348
2568
8500
3215
2310
995
8856
3394
2665
1581
1534
1547
8711
7456
2045
9909
274
1382
6013
8784
7315
6772
1092
5630
7533
9704
1542
29
5781
1233
6933
4126
8441
3030
6162
9493
9613
949
8132
5628
4954
541
737
2342
3318
5690
636
8116
5956
6586
7200
9189
7986
6059
5450
9648
7056
3934
4412
1019
9720
7508
9267
1012
6876
2532
7970
4973
5826
3129
5618
318
7998
971
2692
3776
8176
3743
6560
3618
3218
421
9136
4203
5653
6227
7432
8175
296
3232
7876
2413
108
3574
9752
7457
837
947
7881
6523
2723
2666
9759
9489
1493
8942
7748
9241
210
8217
2663
2626
8140
7430
1089
5949
2748
3883
5125
5391
6178
1040
9876
6056
8087
4006
1020
9436
2659
1720
2000
7986
8710
1967
8015
7273
8357
2165
1875
654
1497
3633
4997
8834
481
9516
5337
6779
1776
6864
2906
3490
9184
1549
2655
5878
6198
561
3988
6623
3518
84
5924
7311
1328
9240
7030
2344
5033
8832
9643
6207
7392
1588
8603
6471
9637
5415
5762
7639
9072
4006
2854
6361
929
9786
6980
6889
7772
2585
4893
6699
635
3768
4598
6164
2270
9518
5299
2851
4327
8953
9699
604
7170
2399
5802
5870
3078
2655
8959
8946
1060
7422
8671
5769
4239
4201
8872
6676
8809
9909
4840
2158
6971
6216
4670
2052
4886
8186
8332
3847
722
8191
2744
7813
7155
9259
6991
1513
7302
2022
7842
3951
3020
7276
2090
36
9713
1758
8835
9395
2368
8247
1838
9612
3420
2292
9344
2940
4196
7007
6320
7221
8207
4207
2018
6300
6360
4883
3927
2594
1278
4517
7744
4613
338
9059
1802
5229
4802
5522
3584
2264
5448
7104
5344
1598
3514
6502
5732
4371
9397
2646
4303
4131
587
5490
6270
6785
4617
662
5526
6073
2397
824
5019
9965
2275
3366
4865
8830
5380
4741
274
4561
8376
169
3301
889
614
3700
4709
9084
8874
7696
4835
9935
4321
2698
5242
2476
3217
8312
6148
2234
4917
3272
8151
6980
8219
8169
616
5928
9816
7444
3229
9114
6686
8222
1684
7296
7612
2305
3266
9133
7709
4202
3147
1620
3832
2498
7646
1818
8039
4022
6389
2740
909
296
1352
3949
6449
3594
7101
7896
5545
5519
3170
6295
5512
4526
6536
6973
9121
9
9365
508
7694
9688
4820
7741
9336
3902
1642
3739
5188
5109
6373
1191
3708
3403
670
6343
5394
9195
9975
3573
8142
2309
8941
519
6466
2736
8511
4229
6182
1996
9287
255
9837
5683
5944
843
7159
7103
7820
5388
9131
9164
1546
6183
3857
6630
2588
5182
7393
3730
3928
2947
2893
2695
1741
9236
7026
7294
9914
5833
3454
1652
7494
6090
9371
8744
5787
2402
2566
4815
4671
2384
3328
5705
960
6857
7556
8513
5132
7912
4955
7438
6600
3335
8871
5685
1854
4420
2420
6332
4245
7819
8915
3775
8977
8523
3267
3982
1961
247
5078
6114
6573
1560
3371
326
8071
963
7609
6543
1469
1761
9516
6811
4993
8067
5500
9503
7872
6570
10
7070
8238
4791
6055
294
4108
5475
246
1092
8090
8501
6295
2767
4266
6204
2614
1351
4024
5417
6870
4137
6019
9623
2703
1871
4389
7663
1636
9174
8426
1201
6180
3718
6399
1735
8580
8477
6001
9399
3281
2870
3970
4
220
8082
7833
3806
314
8978
3450
9351
4191
94
3049
8414
91
5951
9770
3520
7136
6615
6417
7840
5714
7878
8054
8322
7602
1644
355
6896
4613
6246
8242
1255
6081
8233
2172
6302
2258
6934
2753
9675
2872
562
7784
9949
7464
7957
9726
4092
6928
3223
5741
1517
3689
1440
6883
5715
1341
2386
7820
836
3257
5804
3554
9833
3649
6108
4984
2816
3905
6625
901
9131
1603
3497
4
4310
9573
7157
2878
3567
7586
4961
519
6761
9854
1987
2965
5877
7324
8268
8836
4979
5017
9812
4227
4333
1070
7643
7245
4906
6017
3785
2719
6854
7917
5630
154
5714
1397
448
6791
3058
6402
9946
6828
4096
5515
693
7320
3374
7073
50
999
1091
4988
8742
6424
6801
5176
658
6184
4308
2793
7627
4679
1420
4131
1927
7945
880
1905
2138
9389
4274
2957
8538
6923
9031
2924
2723
8944
9688
3312
2397
8911
8565
2575
6302
812
7661
4313
6200
768
3179
2507
2493
3191
6416
5798
7556
3453
9905
311
6215
2875
5712
3195
5926
5971
3556
7162
134
4358
16
9663
7092
6528
6538
8994
2954
7731
3147
3666
2375
9675
6844
639
2006
5395
8481
2654
2341
730
9622
4839
1123
143
1328
5993
7220
1279
139
519
7277
9644
2584
2835
8748
2019
8512
7287
1948
4858
5238
3075
689
1769
9034
5516
5720
2448
7874
2063
7739
3904
9481
3976
7045
3696
1730
2236
5033
4022
8218
9387
8693
4985
447
7334
3021
5121
9475
4831
7839
7376
4086
7361
4888
9091
9639
6437
8266
5322
1526
4966
6286
5780
9912
239
5666
7061
7849
6387
9575
3468
3190
3635
9520
1710
5804
2647
7326
6988
5516
8347
7517
634
2950
9147
2291
2323
4944
4317
1008
3089
8600
4325
3574
8949
3193
6433
2461
8705
7128
559
1235
3713
7916
8505
8387
1834
6792
2952
4046
2544
5946
1409
3730
5324
5627
4180
7631
8779
378
4816
6194
3716
8542
6078
2708
9386
6824
4404
1462
8452
2199
1092
5675
2904
6704
8986
2817
96
6806
9304
6248
5344
7919
4457
1114
5132
6382
9158
9393
2872
5756
3978
3600
7351
1642
2576
1267
2558
9391
6309
2537
6400
2070
7618
1411
4971
1811
6707
7131
8506
6297
4340
5890
4917
3546
7302
4714
6918
2381
2043
8649
9104
3024
6361
9686
2119
2091
8541
773
2024
8938
8369
1163
4334
5801
4638
9909
3853
2434
9319
2839
3376
7084
9475
4544
6629
9521
4139
1007
3373
8625
4892
400
7535
6504
5676
9242
2413
3535
9501
8647
542
3835
7131
703
9645
8687
5593
8164
226
6205
2374
1552
4872
9155
4592
6600
4029
9235
1057
1437
8190
5376
9175
7414
1767
5635
7921
9546
9681
7134
2748
2674
3670
6151
8227
7184
1741
943
9437
3796
738
3181
3721
374
9051
9977
251
4980
3709
7397
6047
8431
3725
8096
3597
6557
9421
219
7012
7005
5718
2114
782
7971
5869
7515
7634
6566
972
8884
9709
2631
9729
2348
383
9805
2395
6305
2379
9358
2651
7153
1513
3927
1170
9871
4422
7639
5115
8169
2922
6310
8461
8832
7257
6442
9109
7493
5435
4521
36
8601
6103
8796
3462
603
7941
4141
8867
8484
9468
6863
8089
9706
9282
401
3214
6347
8296
4746
5942
5746
2316
2089
277
4324
5426
8749
3969
4453
2078
8711
7904
2153
8545
7299
6856
4258
2424
4375
9436
7257
2271
5298
9852
6431
8110
4393
9210
3163
7565
84
9451
306
1683
3053
8754
368
9095
8765
3246
8938
7134
3559
6226
6241
3760
9125
2710
3028
4691
3599
4128
3073
6006
8855
5225
3501
3698
2529
2838
5878
8102
312
4123
5549
2970
8647
9990
4037
6063
546
8053
9528
557
7528
8257
3391
4349
8815
3432
6529
7314
4900
6567
7894
5043
6318
6301
9001
1198
49
2279
2407
9629
5379
2352
9255
1723
8202
4388
755
4074
7792
6426
1215
6451
2890
268
5639
357
4563
5270
3267
3965
1765
1007
9500
109
1788
9836
2548
223
1833
2873
7949
8533
9868
5919
3532
7713
2583
4948
9859
9264
5803
4425
6274
9317
8011
5463
706
3350
798
5035
2141
1302
979
1886
8293
7987
7888
9595
7413
2357
5922
2291
2422
3196
6826
3977
7564
8078
8346
8052
2648
7105
5952
9739
7624
2822
2118
392
688
2980
3273
9338
6429
3351
8026
5857
6611
3701
1477
1215
5135
1166
9550
8197
392
1816
4109
3523
2847
2953
4376
6758
2947
5855
2641
7790
4706
1057
2580
3875
3232
6066
6656
6311
281
8393
4986
6332
529
5229
1865
9556
2644
4706
7663
8413
3508
2723
3216
2382
941
3610
1053
6593
158
2506
2766
334
1845
2297
4680
8406
5217
8160
4610
9838
7726
8345
942
523
4168
687
1527
8549
1881
531
3949
3589
5427
7211
626
4681
3707
3086
1888
3842
4821
1229
7681
6571
9126
5258
3891
4081
8942
7623
2391
6285
4148
648
4877
8989
6498
8039
9310
3555
1914
3211
4361
2369
9255
4848
1642
8831
6058
9324
7683
6341
6666
4321
7657
6738
5754
7858
651
5008
797
2193
1930
3727
295
2655
1073
7662
648
7279
6152
6219
3558
4331
3144
9054
7470
1312
6720
8004
1198
802
3176
6763
5174
5656
8851
8221
5933
8479
7643
8221
2459
8063
9421
3678
8766
8509
7014
2405
5717
5143
3291
1818
6495
5007
1358
3767
4357
8703
313
3109
8369
4674
6195
8416
2631
6627
2761
4155
7230
9725
9563
5102
4558
1447
5409
5316
3005
8529
3782
6043
1068
2296
2981
9123
8892
894
7906
5125
944
8370
2208
8279
3092
7401
9307
3526
9686
4596
8200
4531
1442
4681
5398
5292
2871
2659
7382
2215
8800
1098
8964
7905
3147
3036
1704
2742
9523
9701
3056
5400
2427
6230
1362
8836
9918
7884
3964
4039
3406
3845
5746
9794
7973
5675
3208
3109
6998
2679
4851
1572
8270
7050
2047
5869
4785
7487
5879
7985
2384
1187
4472
8185
8104
595
2241
1783
7661
3102
7165
4899
7837
9017
4714
6950
9694
5536
7392
6466
1541
2227
6949
5939
6366
6544
2322
899
7002
6297
81
8205
3815
9690
5735
8564
3805
2491
3661
8777
7155
6250
592
9849
7052
1062
2616
8170
1315
1352
8466
8282
9797
3341
2504
7442
9861
8461
9282
4089
3319
7836
7751
4664
2119
9119
7367
5772
6830
8481
117
1600
1486
7364
2272
9718
717
5696
7125
1890
261
736
5341
402
9923
3438
2643
4522
8846
2281
5520
6201
6559
7895
4406
8879
9679
473
361
8368
3373
5984
5634
153
8748
6464
720
3212
2144
4333
532
6421
32
578
98
12
3631
1898
5869
1155
721
2473
2136
9707
8160
1879
3358
7475
7579
1852
2205
1894
8458
1103
90
2922
7275
9186
1594
206
8846
7545
6721
6045
6075
8313
5264
8557
7367
9130
5650
8583
6697
5375
6635
3331
9974
9510
3922
9544
2723
963
5404
9048
8368
8948
8069
9963
3395
4916
6843
7536
5593
999
619
9624
4155
5669
3579
3150
5985
8142
513
9542
778
8579
3322
9092
8581
2015
2132
6492
7455
127
8510
2344
5579
6446
184
8374
1669
7428
6356
7284
9974
3913
166
1698
1223
4942
285
497
8941
8620
6625
4992
1266
2821
6210
1839
2090
1836
3950
4399
1675
3797
9643
9281
6191
7682
6930
282
7636
8015
2117
7579
447
9999
779
6098
8785
7742
7893
3309
8961
3495
2884
3344
4750
6362
4415
1299
9453
4818
984
8867
7462
8561
2522
8
9860
1704
5007
3316
3059
1124
4853
5879
6903
906
2308
2037
8771
6262
3456
9215
3235
8020
8510
2189
2602
1871
59
6613
2259
4906
8697
2375
6189
5654
4985
7493
2225
2858
6170
3586
3665
2495
3180
4768
3715
2179
8506
2726
1903
7033
8354
2184
7093
1334
3123
2527
9969
5814
8672
3376
9055
1348
7120
4138
8147
5967
16
182
9851
3601
8561
1164
9397
9791
5263
242
5299
1693
8988
6467
8571
7185
559
6437
183
545
9345
5496
7268
335
2085
3186
2141
8390
4068
2450
4660
7560
9275
7175
7646
9830
544
8059
7146
5732
2957
2507
4171
610
3694
263
2188
3206
9419
2862
5161
7294
7874
1596
4182
7645
3842
5677
6887
7470
849
9548
2706
5667
9113
5882
8803
8699
7054
8699
6008
3738
8463
9260
1500
6823
9857
5920
5076
2206
2925
7938
8866
6830
5082
2425
6153
6900
7088
3060
3528
1918
482
8956
2037
5208
9108
2194
7228
8946
8421
2904
5019
6055
3475
1489
170
899
1457
8649
6821
5670
7497
5137
6003
9584
3097
4902
3374
3593
4980
7172
1483
4157
8405
5348
4795
5801
3085
3153
2473
3711
1717
1374
3404
4391
834
1762
333
4535
1191
8171
5152
5722
247
8855
5327
5237
2395
7996
2287
1436
3580
9007
6151
5391
5686
6895
7635
9267
2642
2109
7168
5864
4594
3659
3319
3055
8676
5015
7464
1497
4934
2321
9304
3884
3765
815
8325
9299
6884
1958
9574
6743
7260
765
8225
7810
4745
119
6340
9643
3177
6392
6947
5818
1614
8641
5096
4590
7082
1842
2922
1073
8699
3149
5889
2337
3388
8997
390
2173
1495
45
8651
5317
6598
388
5492
9286
7559
7252
2945
5692
2412
7477
2888
1861
3097
7509
4987
7906
7229
4294
7005
4016
8105
5526
7269
7677
6979
9038
4515
735
2267
2753
8665
1834
8784
8605
7150
567
6376
6080
5353
5912
1417
3648
6440
2974
6452
9246
5406
8915
3043
4162
4505
995
334
8249
2417
7180
7198
8161
7465
2400
8940
4541
5988
1728
514
8467
601
4980
6932
2305
9453
6043
8140
5169
6855
4151
16
8596
7678
3667
5344
3771
2766
3541
8602
7637
294
7556
6283
1584
8460
1699
34
3062
8207
5575
3397
7394
769
619
4158
4397
3742
9083
3425
1943
1119
4226
9397
6553
7279
3987
8501
9270
2243
7492
9112
3643
5714
6214
3321
1440
360
9348
449
892
621
5978
1850
1714
1902
5053
398
942
6444
7790
9547
3685
6387
6190
6300
3333
1580
5604
9582
6426
9553
8941
523
8456
7714
5019
4027
8191
3348
3819
1540
9759
5239
6953
3502
3705
1878
2515
6120
503
5127
9701
1228
2583
4910
19
9882
3855
95
8791
9999
8911
3034
2688
5917
7599
421
6552
3015
4541
1103
5422
3715
7267
2263
5813
2091
1131
9014
3606
3127
3968
8823
4632
9171
8465
1469
7993
573
5719
7222
1495
9667
9095
808
3182
7248
3538
6429
2870
8579
1860
9492
2863
1517
6129
4096
7551
2867
9292
1367
7485
272
9407
2647
4696
6075
6466
3310
2517
6428
9684
7486
4980
3648
1337
1328
7970
2319
1785
2656
6767
9960
9093
7742
2327
1216
5897
1825
1728
493
5554
8552
6571
1673
9422
4919
6806
5172
7196
2569
6447
1951
2646
3287
1949
1304
7779
6438
3642
4240
9498
8725
5530
7131
4175
2132
9046
893
7184
4222
1856
9443
6401
6035
3741
7420
1003
6778
7690
1243
9401
1206
5908
9447
3121
5142
7192
7946
6628
6933
4283
3387
6587
7823
7204
3067
7958
2166
1369
3029
8398
9235
7284
6901
6969
1951
2025
6792
7884
4306
1398
4150
5132
8442
5620
2848
9217
4428
711
8985
2956
611
2417
1870
9320
78
9348
8521
611
9259
7343
9597
4968
7982
7577
8169
3087
6403
6802
3971
5390
3142
9315
4856
7414
679
6719
4060
9117
8628
3363
6584
1990
2834
2456
494
6419
8426
295
9300
550
7916
3773
9642
1076
1245
9411
4557
5824
3273
499
6251
7795
5608
2662
3955
405
3947
7078
1794
4055
9076
4984
8806
4897
9580
6644
8224
7675
6976
2914
6038
5847
9417
7806
9377
3880
8471
5948
3793
8522
4526
9794
4755
8176
321
7520
2694
2068
8822
4131
2909
3797
1195
5036
1263
7083
3002
3506
4141
5038
1882
868
6478
8146
7995
992
4764
246
9252
8729
2917
6344
7019
5298
7644
763
4317
2325
6500
9334
7865
194
6246
4617
7253
5732
1273
8975
9488
8800
1914
6233
4718
7376
238
9080
9520
5870
6609
5977
7333
2051
3682
8310
1804
3770
5832
5798
7669
7889
1006
5768
5550
289
8968
9778
1594
7677
4505
9322
208
8956
6758
853
8336
6466
6096
9190
2680
5025
8142
7538
7098
9859
459
1840
5941
2803
1199
6882
602
9903
575
1738
699
2464
5397
2505
8391
7998
4127
977
4185
7028
4895
8973
5242
6744
1756
9336
2665
2672
5112
6290
2568
5123
631
9797
6798
8025
7305
830
3123
3949
9325
7079
1413
615
8355
1475
1884
983
2464
9197
3836
1141
5522
2242
8466
7649
6133
4616
7343
8723
8371
5213
8894
1731
7499
24
8861
2794
2597
33
7126
3012
4656
6255
2500
9813
2994
8783
9134
1215
5143
2421
3040
5440
5272
7497
4926
8211
4118
783
5946
5359
8962
8139
6349
8869
5677
7389
3038
399
6132
7299
1020
7486
3275
6034
5411
4119
3146
425
5252
9204
7743
5579
7691
3530
5174
2859
1302
8316
3864
3158
249
6106
5706
1475
6825
7904
9000
8321
8473
8755
5780
3212
6849
7686
9721
5645
669
6914
147
9281
1157
9521
4948
5865
8753
4433
118
6342
2404
2460
6554
8047
8260
7402
5296
8441
2827
1773
914
7857
6840
7598
8943
5991
9906
8856
7390
9451
2803
3715
4189
586
3816
1440
2198
1039
7818
1028
820
6952
2039
6015
8677
6658
384
2673
4877
5786
8967
6868
7388
9179
9164
8188
5765
3831
852
8681
2060
2108
7776
7500
8144
9917
8982
2066
9837
216
5164
1003
8284
8292
6383
3980
6809
1516
8125
8906
7137
3026
5955
7416
2304
5655
5115
5501
4846
9771
345
7296
7920
6242
2920
6530
3912
3661
6446
1971
9763
7157
310
297
757
4669
9847
2251
4880
5382
5254
5718
7897
4171
7097
2368
5364
5384
4823
2930
1454
9034
6145
9794
6090
2599
9368
4671
1257
2002
7779
3330
4579
6055
5073
9054
3208
9693
3447
1375
3957
2662
1494
6929
6195
1950
7289
4782
2488
8232
3182
9479
8243
8891
2742
1238
5650
2727
6981
4218
9142
4399
6574
556
9248
9833
9124
63
9275
7381
5678
2807
4516
3332
8706
4638
6878
4541
4507
3709
8715
5374
6655
9462
8455
1007
3474
4172
7165
4132
1784
1213
9566
7559
1190
3433
5235
931
8045
9714
5735
5761
5876
7679
1216
9348
9563
5788
5687
4801
3807
8576
3600
1339
2583
4698
1643
6304
5145
8625
8709
7949
5899
3273
3908
5920
2
2752
7164
4602
3887
1432
9471
2980
91
8049
177
3561
8738
1247
6846
1995
3814
6071
9124
8548
990
9217
1880
2300
5143
4626
4391
9102
9970
9908
1759
4629
9137
8447
1966
4694
8226
1642
6924
5901
9456
667
8755
1138
6583
7375
3147
6021
5721
9530
81
4351
8894
6443
8474
2978
1062
7214
5381
8979
8101
5343
2264
5019
2722
225
530
1948
7719
8200
6068
1207
1055
3238
7815
3478
5312
92
8546
4142
4777
819
6990
578
7103
8903
9174
1127
2819
3944
3434
589
5285
3844
7955
2588
5630
708
1851
4788
2157
1350
861
9011
1292
3171
6509
4621
7679
1465
3238
211
4288
4723
1487
5572
9535
418
5893
3205
7274
4899
6920
6236
7335
7537
1094
7479
8722
1062
9685
2611
5033
7167
8221
8952
1764
8851
9552
170
8165
8762
1260
6405
2105
5823
4234
8730
5014
805
2912
6685
5349
5201
9341
7678
3318
6731
2509
7458
6590
9134
1693
1579
6585
3505
7475
8803
7623
3387
6993
8708
6654
6037
565
7448
9623
7889
5308
7549
1586
3070
7602
9916
1646
17
362
8798
485
2741
2930
3389
7803
84
1099
2907
9361
8448
2332
5573
8451
884
6497
5708
4622
8197
5621
7341
3271
5759
7113
7163
3315
3106
3625
4466
6570
2075
9341
766
1702
3212
6829
7219
7651
9528
835
3658
6272
1250
5344
9110
1626
5192
8113
9956
3809
7577
2488
8593
8511
9729
9773
2385
9601
1894
6660
9991
941
1664
1340
9712
5383
9936
8758
2450
3387
9161
192
31
1152
5788
4864
8206
8196
1171
1556
2461
7411
3009
6418
3946
6327
2431
9035
2250
6974
194
2603
1570
3122
9157
5667
6880
7921
9177
2185
7123
1977
4900
3974
3157
1812
6509
4515
9200
1241
8453
5978
7876
3752
1397
1933
608
2221
8226
6668
7054
3412
5748
8292
9576
8632
5
6889
1306
8620
4496
835
9292
336
7517
4142
7382
5598
6874
5149
7081
6747
7694
2246
8411
2472
1789
5418
6977
7710
5080
3365
7894
5145
2975
4711
2015
2263
2262
8365
4980
7127
2071
2526
5006
8079
5772
3970
1063
7445
306
9312
9090
6973
9343
7715
247
3208
1946
206
1869
4316
8956
4146
8710
5954
5167
2707
9391
2709
6586
8267
507
3362
8518
5504
8784
2758
2051
4694
9861
436
3642
8205
827
6322
4894
3505
2460
6772
7420
4170
6253
63
695
6250
828
8989
9189
1202
2052
9677
8750
8107
1282
9952
1213
7287
6598
7617
497
4661
2526
8862
3074
1147
4855
9709
651
4278
8428
8837
3120
9807
7473
8470
5402
9543
0
1066
2672
7906
45
3504
4650
3762
4148
7159
1120
5999
1347
1822
7648
981
9196
3769
2599
7544
1797
3429
3985
507
9750
6115
7391
6824
5978
42
4330
9416
5942
9481
3717
2528
5476
7288
7824
9001
4567
317
8105
4207
840
3221
5567
3675
2176
1026
4968
1339
3946
8531
2096
3262
2666
5042
8578
7235
4553
6273
9265
2184
4379
1310
3085
2495
7350
1492
9448
1507
4282
9760
8764
5263
8270
3573
7484
2328
9246
1872
5130
7991
1365
6678
3270
1473
6969
2957
4106
2939
46
6130
9411
2990
1584
5223
8900
1155
8939
1076
855
1407
1488
3251
6742
2138
5193
6302
5925
5240
9434
5979
6179
3921
495
8527
639
1717
7420
1785
2050
5813
7596
5052
774
6202
1419
5782
3841
8501
7627
5109
8547
2293
3495
921
5560
8761
7013
6739
3348
1072
1320
7006
7807
8490
5252
4588
8445
484
7666
4218
5204
298
7359
6447
8051
8314
4878
256
4846
4373
7264
8888
1692
4749
1892
2696
3930
3857
951
4862
5280
3002
3822
656
7243
8452
635
8604
793
8960
6659
2396
7657
8489
3744
5679
9007
3347
2124
7924
5302
4181
3023
8561
2150
2378
218
8227
3585
7287
6533
548
5950
5370
9486
5234
2708
4921
8831
3407
2920
294
7565
9093
3862
7720
7136
6568
1364
749
7037
1877
9747
7109
8754
8244
6971
325
4124
9325
9595
8882
8557
1308
6421
2831
278
4699
9359
2833
7809
9300
4942
9384
9186
1389
213
654
8121
381
2191
5799
4243
3335
1064
6834
6829
9640
3406
6304
4042
4892
3192
9784
2584
2540
5232
2009
5880
4229
7730
2909
2438
4917
8127
5141
9874
6865
9115
7872
4224
7330
9778
2498
8672
8445
184
4738
507
4159
6426
4122
346
8352
7095
6281
2908
266
1525
5640
4472
8268
4693
6119
8080
597
3645
5274
3945
2272
5550
2954
9132
560
8028
8981
7580
7590
8278
5619
8781
7536
8719
9706
1025
7582
3324
6149
3038
6379
685
9228
6028
1089
6894
640
6696
4253
3834
3560
599
4720
6162
80
4418
2648
3340
5408
5107
7197
1453
5902
3730
6951
3208
9627
1844
7345
3534
7486
8676
6389
2472
190
8109
9851
6703
1327
5449
9736
5956
9622
5335
5359
818
4103
3781
4597
3996
4370
9307
4042
7955
4358
380
646
8062
2126
9011
4222
1826
52
3194
9664
1658
9518
4149
149
663
1670
7811
7712
8457
1198
3862
5557
6687
3147
9765
7327
2040
3789
1692
2060
7861
5313
9049
51
4196
640
4344
4040
77
9107
5615
2174
1159
5912
4251
4081
438
8258
7163
9023
9731
8931
8522
5585
4808
3691
2989
5671
7670
2315
9278
1645
5281
4360
203
4394
5292
9827
2936
1809
5758
1745
1089
1740
7672
2445
8474
795
6257
7741
2898
564
9373
3625
7202
5798
9164
8159
3880
4871
6115
7228
9116
1465
3051
6574
1817
7824
303
4089
3324
4150
2256
5740
3874
5773
9809
5708
2624
9550
2861
6297
9029
3647
1943
6037
4751
317
8255
5004
6896
9569
7028
4840
5342
2760
9934
7224
9218
9033
8463
8601
148
4228
1703
874
2814
1519
8730
7458
6552
5272
7957
1589
5287
4872
3229
9143
6898
3208
9171
1300
7259
5301
6364
3394
8714
6157
310
4986
7441
3370
6797
2835
9327
9182
289
2785
9315
8806
1283
8774
4933
6613
3155
7234
728
9494
8998
2915
6662
7168
4159
7830
181
2495
767
8466
8653
969
6386
7656
6087
7465
132
6587
5713
59
6090
9295
7825
5284
5634
6702
569
6502
7425
9762
9838
7294
6262
1601
3275
4700
9705
6668
2592
2963
4459
859
7785
7009
2880
361
6675
6345
3607
8497
3268
4245
9389
9255
8815
4171
9402
3407
173
5207
3038
8078
1127
949
7039
3495
3595
1805
8094
1275
7373
8893
8618
7015
8984
8890
4227
6279
2492
3053
7680
7079
7728
394
5495
3880
4253
4501
293
7828
2661
5891
4015
5428
8249
6902
4605
3214
6022
4152
1493
9081
74
4344
3264
1904
4905
2833
4273
9841
950
770
5640
4249
1759
5865
73
588
5588
3861
9244
9820
9944
2664
7076
3860
3589
8726
2265
6473
6912
5769
8518
6575
8160
9245
1650
4431
37
5982
8472
2450
8439
7432
3617
1342
2637
6648
6961
9338
4223
3640
6041
6810
217
1147
5084
1189
4376
2995
4602
7363
9498
217
3305
6893
2718
5882
7139
5335
5236
8196
8583
697
7677
2847
3092
7646
2406
9799
8488
1464
4496
6772
7469
2949
3757
1522
2994
457
1285
7661
1243
8123
5301
4279
7089
9906
2706
7896
2592
7587
4765
6368
9871
7068
7570
8319
5902
1421
544
8370
8306
1020
9159
7979
7941
756
1203
4091
6303
1897
9541
2909
3118
1416
8050
4137
2266
4807
1666
1778
2255
9294
5840
1225
797
3158
5559
8765
1757
3430
9134
8842
6705
8612
7356
6517
2628
5275
4357
7334
1991
7396
2514
4540
1218
5109
94
4053
8977
5200
6963
859
6140
9098
668
6641
5226
5388
2479
7331
8248
2958
521
1056
8439
7738
5101
1419
3105
719
9467
8464
1974
7459
7840
9830
7858
9541
1324
7555
4169
6688
1505
1811
6912
4073
991
1432
7112
3211
9909
2517
3348
6343
7491
647
3045
3625
8258
9241
5474
9629
3025
6486
9049
668
6007
5903
428
7303
579
1112
3175
6958
7980
3633
9272
132
5122
3676
7704
9833
25
7793
437
7999
5924
3968
7670
4569
8016
4301
1005
4511
53
7749
5339
5654
1467
603
7669
5512
9576
326
3784
8372
5577
9151
1842
4925
7490
7512
5239
5419
7959
3716
5800
3940
9968
5532
2388
5773
8874
1429
9273
2003
4898
4006
3246
5547
6241
5861
8416
587
9310
8601
2812
3056
9219
9009
1556
3232
679
2448
7144
2809
6642
2552
8640
7810
9702
7935
8026
5679
9112
1209
3784
9513
4518
2973
8894
4949
6017
3557
2865
5528
8984
8334
5177
482
1290
8166
532
4877
9973
5167
4725
5731
4171
5398
3587
9403
1303
4294
6483
4814
3774
7724
120
4373
4278
1380
8075
9393
8757
3903
6336
9680
7417
4593
5468
7566
5866
4887
5470
5115
389
3837
374
9515
3651
1792
5714
5691
9713
3173
3556
7124
146
8795
6568
5491
6238
531
4699
7305
5801
6300
5528
1022
6964
1299
2018
1241
5437
2240
9528
7542
6227
4912
7259
4299
5555
1842
8037
4349
3802
6021
4262
3810
5736
8733
7253
7500
9945
4360
1744
4469
5466
2715
7280
934
9928
9910
3481
3561
143
2089
6708
9492
3105
2446
1524
752
2574
840
1530
9784
4037
7097
654
9670
8747
3577
7780
7408
5723
9988
4697
990
9159
3545
9830
1475
7481
594
7896
9279
9499
1586
8748
9934
2503
9892
6988
8283
6975
6382
7637
1650
2646
5906
2153
1933
1059
8844
3359
3748
467
779
7504
756
9967
5989
6575
5160
1073
5926
4265
5935
6623
2169
4496
9879
8802
4412
2336
5748
448
7987
3277
5888
6286
2130
8363
1602
3713
9766
9452
8232
5932
1897
1017
3400
3772
4916
2335
7229
6358
7054
6627
6451
4965
1053
1803
5276
8826
3687
825
4671
6466
9216
8356
8238
1205
3059
4394
7286
4877
4039
4893
9897
9522
8364
3945
8763
2851
6235
2106
432
9601
2390
621
4209
7538
5226
1903
2412
3883
5218
2476
4954
5134
2291
5776
272
915
3522
8690
1539
336
7067
7537
1755
7582
5612
6295
3858
1977
2762
2324
2296
6596
8790
2571
648
8643
7944
6300
5817
4307
8135
8771
3088
545
5219
3946
7920
6352
8319
3342
9706
6467
9704
2385
9952
1194
2546
5324
2335
7027
2594
4624
4905
4086
5232
1047
5346
8097
7719
6153
8657
6497
7506
9850
2868
632
1400
1792
2489
8542
7154
6920
1245
5712
8498
2223
5403
4463
7097
3982
6439
6077
9973
2098
7175
3677
9002
945
8611
7968
9824
4159
5641
2458
1136
4213
8607
9525
1759
6266
4194
3771
2064
9788
3583
4566
8441
757
7959
5305
4277
1864
1476
3019
8654
8059
9626
8251
4373
54
6565
1794
275
8940
8419
1847
8888
912
845
2395
9357
2351
8183
1249
7357
1928
8441
4048
8202
8246
3045
8748
6740
8657
2775
3652
7783
7294
1661
885
3790
8133
8737
6322
2336
1925
3482
6506
4471
4251
4566
2821
6509
5583
3057
3275
2031
3266
674
2683
7883
9636
817
2711
7837
79
5151
4293
255
9832
1341
6268
1546
8477
8149
5724
5506
6738
2563
7509
9762
982
9907
2634
4411
7046
1904
7906
4722
6490
9617
1981
9256
5196
7811
6307
7169
6340
4869
2875
3594
7196
7661
4613
9970
1995
3901
8340
7015
1078
5537
4699
1605
2
5375
4274
5253
893
5819
4116
1120
2373
2910
4412
8507
3657
1088
623
8650
3075
4106
2557
3311
1169
5319
8079
8103
3783
6264
5892
5819
1113
5820
8736
1120
4553
3556
5641
6840
4352
9928
9475
3913
7597
2847
3887
1484
7840
4898
2020
1058
4805
7911
7823
8782
5050
2001
9680
2881
2189
4263
5225
9094
8352
8274
5626
5511
6915
9334
7453
9708
232
1915
297
5211
5074
5209
8739
1441
2792
9814
7919
1096
871
3674
3083
1612
7415
8152
4705
2823
393
5767
2527
1227
9040
9601
3775
2366
5607
591
3093
6750
1941
3054
4326
1480
6767
601
7195
9278
6425
4392
5091
8947
3893
3084
3786
6509
8375
9248
4636
4203
476
78
62
5320
6038
1248
3523
6474
5082
1439
971
5328
986
1721
5886
975
9016
8294
5361
6286
2647
9322
453
6325
707
6595
14
4647
8340
575
3560
9738
9990
3018
5397
7168
3210
4808
9184
9123
7927
7916
9371
1898
6991
9432
3554
3670
356
2556
7697
9397
6998
4071
4355
7044
5822
383
2590
9540
9275
4508
7085
9767
1033
4516
3128
1769
2305
9917
3590
9910
9554
6204
3803
9124
202
9360
325
3690
1844
1498
9997
8918
4783
6044
6372
63
7359
5821
1679
5408
8460
279
3761
5931
1825
8696
9116
2308
2346
4653
5134
1046
5406
3349
6865
5500
6500
7366
6281
4241
9876
8408
4864
8787
1710
2223
3594
5051
5502
1425
7896
8050
4751
6256
8990
7363
770
6467
7207
1656
1509
8445
7304
4170
647
463
588
7470
4908
5520
3749
5046
1511
5585
9697
9307
7025
3326
1422
434
3446
7334
5904
8208
7341
4718
1443
9358
3040
607
8464
6363
1514
7462
730
9642
2365
8446
1294
4044
7600
8130
4976
2272
2298
685
7159
2395
9141
455
6853
3965
845
2258
521
7440
7017
9133
1984
4562
9639
3358
2896
3149
4504
2523
7725
8362
4264
6191
6950
3919
2416
263
2290
965
6591
5554
8161
9327
3777
4244
4271
5766
9754
2955
5324
6489
9921
3927
5073
6654
8976
6503
3690
7904
2435
9492
9322
6070
3864
1302
7016
5101
7866
8779
768
9981
374
7565
7341
978
4596
6512
3744
3896
3081
6180
3750
6151
3809
6768
2692
6523
943
3965
3930
7176
8957
2179
4816
156
2198
3308
4806
7017
643
5843
3399
9413
6588
3457
1043
572
6334
4410
1810
2403
5535
3159
2700
641
6813
3331
756
953
3482
6887
5834
2172
3800
7743
3812
8966
6011
9370
2336
5141
5632
4964
8755
529
2944
5677
7791
8919
434
7079
4768
1879
7069
6547
8645
3470
8699
4585
8034
3804
1658
1223
2480
5245
9660
4589
753
3603
2452
2500
7682
8110
8418
9511
1150
8204
2254
1210
1272
2164
3190
4789
4472
2522
8830
9888
6225
5807
4624
6559
7556
9694
9235
7829
2034
8895
1580
2771
1975
2245
6277
2271
4827
7343
300
3742
3315
5843
5250
2924
5813
2031
6371
602
6620
9687
1605
9586
9359
7351
1404
2622
540
177
2739
5044
4478
7254
8841
6891
5237
6941
9544
8029
6022
9162
5796
6331
1557
2822
5903
3405
4359
8568
359
4512
1543
1944
6773
9359
4841
9700
6265
8257
2800
2433
8044
3781
840
91
9340
1499
1767
2923
3810
4607
6634
9409
2656
6389
3427
4417
9249
1293
8952
5384
9792
100
7504
1638
9744
7208
8451
2220
8107
8336
3666
441
9431
5120
4921
9301
6479
8997
803
411
4827
539
2502
564
4372
1994
7887
4233
1712
123
3710
7402
1681
3685
6477
7944
5912
4879
3551
414
1263
6897
7399
8665
1169
386
7525
7893
8550
31
6635
8922
9745
8774
9792
1372
5182
1213
7974
9137
3924
9663
305
1100
6067
5973
2448
2418
9103
9823
2195
6793
1759
9420
7103
8234
1585
3746
3186
1497
614
6404
8141
4071
6798
9881
7344
8951
7590
5630
5969
6689
6048
9748
5942
7255
9136
6207
2202
7064
2516
9662
8730
4239
6075
7597
1151
5624
9635
7291
9400
2348
8898
6463
833
6885
7516
7772
1535
3417
2365
6368
1059
5079
5599
6621
3835
6184
8865
8818
8615
4882
2178
9149
5895
1884
2400
6615
2090
3841
3973
8626
8346
5784
7663
3010
1399
5604
1408
7911
3625
5006
1059
2618
9510
5551
7770
1772
6191
5493
3153
2575
6441
2930
2887
9634
3435
3470
4400
4924
8065
6103
4533
958
1123
9239
8604
3696
4737
9991
3172
8024
9615
3686
1012
2662
7321
7337
8249
3275
9682
319
460
2237
610
7877
6659
1023
9196
8222
7468
6521
6728
2016
6593
5687
4475
3739
2725
3925
3504
8135
2382
1315
2594
1282
2865
7400
5404
5092
8546
9623
3428
6076
2934
2703
7016
4059
3676
6249
2727
4219
7491
5715
1660
6265
7348
7485
17
7895
4731
2251
151
5763
5689
2180
7604
6093
565
6374
7241
8823
3812
6067
9475
3693
2052
5660
5804
4043
5736
8222
1394
4260
2107
4411
1288
9786
4986
1892
5970
4394
9906
8282
1468
8041
1520
4415
8981
9
3882
6294
9051
6319
3164
3458
5770
7368
6753
8734
7168
1675
2194
9304
8974
4233
4467
1882
293
3454
257
5404
1379
9001
3499
3076
5623
3884
7276
1935
215
8137
3410
2064
2458
8087
2506
9582
1645
4801
4072
7144
9636
7640
8418
3264
6758
3988
9491
7045
3533
4265
550
8054
2854
2043
2616
2048
1703
2762
9024
1982
6308
909
8085
307
9660
4777
9850
2993
5792
9950
2276
7847
864
7518
6724
9748
7163
701
2628
3233
2457
4012
6456
8507
3789
2414
594
365
1758
4008
3697
840
8615
8714
5188
5389
1085
7124
3137
9363
6741
8264
6499
6194
928
2344
9839
1230
9829
4748
1122
5476
4020
472
850
1643
6097
4059
3896
845
5336
8621
3794
2050
2207
9006
2860
7946
5569
8367
567
304
5840
4434
6873
5075
8113
1661
6833
2492
222
8070
7766
274
2101
1085
458
8651
4431
4974
1486
4365
6531
3573
4575
7116
5727
5930
5112
5909
3014
9192
3413
4723
2734
2636
9168
6574
7204
9077
1576
2571
743
5044
7159
7872
1418
9138
9931
9607
2921
8701
6722
2752
3516
8624
3757
8727
3731
2439
9327
8030
9557
5155
1345
2644
3344
9274
7926
6116
276
319
3685
9231
4325
5853
4474
7033
3943
2440
8416
8572
4397
8317
1735
4191
594
5615
3712
6463
1555
4913
6278
9907
5234
6621
256
1559
341
8224
2089
9119
9992
3800
1962
5921
540
2354
6713
2318
7820
4516
8630
1174
2118
2933
4318
1122
2731
284
6167
5010
2661
277
2635
2505
4150
1188
2580
5256
6131
8579
3146
144
5382
3663
355
1244
4205
6448
6466
3861
8779
8277
8430
4700
4004
6686
7309
641
2600
6574
9397
4874
8492
5625
5976
3193
7141
8626
116
5162
8327
4893
5756
4547
145
5346
6393
914
6477
945
8173
9641
4053
2204
4888
676
9361
231
473
7398
119
3431
7924
5594
825
331
2291
9256
6942
8304
9352
4182
7735
9926
888
2624
3434
3632
2141
2219
8467
2943
6882
255
8797
9037
862
9968
8109
4743
4893
9002
4501
4117
4717
1451
6628
676
6003
3928
5852
9121
9282
3032
8824
9884
1456
6271
3150
3215
7644
990
7337
9686
9512
6207
4996
6947
4068
353
2514
8401
9849
3918
8782
8016
5884
9688
5408
6962
2464
4916
5902
1943
1735
9081
2711
2169
455
8123
1730
1746
6874
1056
4904
6938
8607
7665
2890
3224
8651
6626
1413
5388
2204
1868
6871
4940
7874
1212
9069
3134
2977
5424
1517
4529
4193
7687
2638
5621
1590
3213
4441
5399
6179
6214
8746
9854
8602
6750
4886
454
9259
3169
6948
7384
8294
6733
3091
1936
7172
3823
4263
8899
2297
7682
4688
8966
5115
6035
1950
3259
2417
3120
168
6919
5232
4684
5804
6346
4577
2304
1971
5207
7616
9055
3784
7561
8304
1951
4216
2590
2496
7909
7246
4342
8649
8966
2631
1597
1757
9478
4571
7530
9976
2618
4710
6186
470
6081
8485
2954
3523
7171
2634
9212
1592
5622
850
7076
3158
8421
4013
8838
9496
4671
1227
7049
6226
127
7961
5459
496
368
7988
8049
8922
8827
6564
3267
1054
870
3267
3215
8098
7967
4279
3041
6780
6575
5560
4063
3906
4895
285
5268
7948
6833
6229
1724
211
6619
1347
5207
9656
9403
8723
1846
2166
2861
5222
3977
7304
2336
1800
8531
2883
7359
7139
2292
558
560
541
5135
3603
890
4410
5933
1455
1852
1431
2309
4283
2014
6693
4551
4818
9455
316
6109
4007
3988
1960
7930
1653
1038
4514
1536
3152
8839
696
6272
8676
6263
2868
9367
1697
2082
3382
3650
9644
7636
36
6604
619
4042
8789
6188
6660
1915
3807
3429
5764
6266
3127
9099
2093
1782
6718
1975
6121
3999
2595
9173
4312
9992
5783
4798
914
8205
4356
1812
2859
749
6613
3382
2417
3104
3486
4227
1262
5532
703
9541
3914
7706
5940
8873
8123
3076
7204
5058
4715
2308
60
3756
9659
5764
2933
7424
6641
3454
1682
8694
9364
7134
6954
2013
8895
3304
360
9130
2943
7742
8469
3573
727
1913
6771
1612
9194
9096
9354
2343
3826
3386
3810
7539
9988
7898
5093
2689
8814
9386
6453
4256
5035
5318
429
4583
2803
5971
7880
5136
9573
8515
8498
787
7399
2244
1940
2707
5657
4147
4739
5097
9069
1780
4476
1468
222
6099
9394
9485
6297
318
8540
9455
5561
2128
4840
507
440
5689
1065
196
395
6688
6591
7824
9688
8454
1008
9132
2214
9634
9229
166
8047
4239
1514
1106
4014
3047
1055
6637
3774
1230
1138
8047
1140
904
3769
3658
4154
8817
1664
8407
6360
8806
5942
446
6045
5846
2564
2501
3859
3509
1586
8350
4107
9490
4627
314
5310
4485
7611
1907
1129
8164
7805
896
3677
2211
6441
1976
7358
4516
811
4936
2931
455
2608
3786
8259
6925
2518
4630
4330
2252
4581
5263
2605
510
7674
7429
2426
1804
5637
3482
5331
1121
2000
2781
6479
7052
67
9594
2035
8278
4196
3460
5421
109
3493
5084
4577
5543
4892
5588
7054
5320
8584
4710
9659
9310
5090
3948
4622
7139
9983
3969
4821
9472
9131
1702
6454
2581
4707
1454
8754
7947
9729
6095
6806
5457
6822
8939
5352
3555
5112
4255
8595
2117
7676
4551
3411
4200
803
5710
1172
946
5497
6892
6393
9842
1089
686
8809
318
615
428
9174
2245
7707
5822
8049
2246
5123
5045
1170
9969
5796
1382
4601
1454
8253
5075
7790
9572
9647
6577
2937
2099
1258
5682
4585
6527
3293
2093
4246
6857
8100
6938
1055
1800
3480
1428
924
5621
707
8446
3489
2587
5048
5143
8253
3515
121
9864
8768
8169
1278
4616
6436
472
7300
5174
3557
4384
4230
4426
8661
7084
9873
1068
5774
2670
2617
4933
3341
3959
3642
2268
7769
2171
7248
9194
1208
4314
113
9163
3123
5868
6594
781
417
2031
3845
5602
1480
4235
7497
1633
5336
9887
5906
7196
8323
2366
8572
1518
7160
5210
2233
2973
9111
9080
6344
3228
7052
2666
8180
5755
9695
8950
6648
92
4939
6418
3028
9089
7419
766
6338
4918
9644
6369
782
1097
9829
8382
2849
1964
8520
5732
6004
8096
390
2426
1640
6036
7242
9643
5998
3322
3147
3875
4061
5321
2927
7043
3128
8645
718
2930
690
7046
6240
562
3551
9580
2559
9215
7671
7578
659
1632
1170
6494
2893
1727
6091
1058
9557
539
8078
7321
228
9561
6947
3169
4260
3667
5294
9659
2886
6844
6724
9147
8762
2641
81
2590
7433
7896
1141
7627
9239
2601
8623
1088
9447
1050
7091
4442
9043
9336
5360
8347
8531
2155
5319
2952
2337
7497
2777
3894
1981
1190
8881
25
2027
4633
7913
7840
4028
8011
4913
9271
160
8255
4402
4108
58
5670
9764
5603
1460
5660
1323
8007
7747
2316
9
7780
3147
8765
2654
5983
9494
5119
4415
7971
6728
8633
3614
7923
3094
2228
4355
9989
9897
6966
2681
4835
49
1211
2757
274
9234
4253
586
7286
3433
4979
4090
8238
6847
6823
61
2419
9732
8648
439
5053
6630
7516
2631
9935
1560
3324
1216
2518
8304
7211
1240
9850
688
5306
6533
6071
9896
6928
13
7418
3271
1641
6781
8571
1826
2727
4920
3053
1708
5558
3461
3942
8271
8149
1644
7591
45
7709
8794
2281
3952
1401
9448
5770
2327
1740
4153
540
7037
7035
2315
3256
5821
5132
9869
5362
1288
4329
1164
5084
3525
8802
1423
7203
3154
7107
3420
5846
2870
1447
9596
7319
1943
2221
8738
4501
35
7105
4579
1720
3750
6425
2152
9139
1786
6886
6627
8715
2315
3859
8471
9559
9253
8398
8250
9113
2452
8883
4168
8016
561
8793
5510
718
4234
1470
5587
978
1735
9947
8455
1200
8583
4911
4741
7260
7773
6726
3226
5938
7445
8018
6489
360
8323
1833
882
9960
4197
6600
3386
5390
4868
3204
471
5552
2459
1398
6998
3409
8838
2418
6405
9671
3978
2231
6957
8539
2548
5131
2653
7723
8740
562
1566
5706
7407
6965
8822
2852
2980
5227
6225
9361
6265
874
5624
2302
3253
8542
8472
6017
9372
4430
9820
4985
7226
2513
934
5989
5801
8017
1127
6827
4361
7394
5979
2140
4804
7418
6170
3027
2151
7292
8333
6030
3969
6760
6988
8799
6072
63
4490
4290
3626
296
4148
2715
3909
1234
175
588
9401
4007
7013
9257
7641
4148
9660
1027
7327
484
6175
9655
8516
1088
3213
3340
8444
3098
5628
2642
3517
2592
1494
2720
2283
7892
4692
9206
3853
4689
8150
9645
1158
4213
2239
7946
8654
6281
4426
7549
9682
7532
8263
145
9528
1398
2078
687
6412
439
318
6147
4155
3558
3361
5049
7046
296
4892
7135
9569
1946
9398
7671
1083
4505
6217
8942
8290
1654
709
2194
6358
6893
7586
6958
2991
2696
6200
1039
8363
1170
2707
3762
7843
5030
9384
7015
3784
9948
7123
3566
7202
9316
3138
9747
149
289
2249
81
4827
5630
6783
4758
6009
9273
7064
6901
9259
4867
1767
5558
8564
5537
4984
2009
3545
55
4748
1589
8160
5294
5981
509
9982
7310
9367
7394
1547
3787
6454
2178
3002
8651
491
830
8342
5649
1919
2948
5921
1418
7234
716
7573
173
46
1914
9666
1499
3512
6732
3767
9942
4077
7976
4166
108
7462
6944
4450
3801
9173
2702
5584
6335
3478
795
3496
7668
6724
8538
5015
189
3180
7920
7241
9127
4164
3935
6857
3376
4088
5625
2765
4303
329
9533
7491
7518
7290
405
267
8001
8896
1958
7447
2058
7913
1323
3933
550
4937
4380
2712
6571
4659
5623
8229
7379
2145
5396
3355
4696
7213
9423
9014
9755
749
363
114
9437
2806
8834
1411
7691
8669
1773
2139
2046
5725
9362
8821
8487
947
7770
1520
9213
6053
3950
12
6878
5005
419
2792
5796
6435
2493
3707
5280
1737
7821
8068
2819
8158
8201
2552
5091
5014
6672
961
2957
324
8637
913
2542
4615
4385
4980
8236
8426
1814
3397
5058
129
2356
4527
7181
1088
165
3510
6624
5871
4487
9199
1136
6291
7765
4379
3109
9348
7564
4531
1977
837
