8665
3357
7354
5271
538
5881
1791
5908
1488
4267
7362
5502
5541
1439
4786
2208
8433
6138
7203
5940
6458
4576
3563
4340
2619
6917
2528
6826
867
924
5839
9288
5008
8225
6050
1517
7461
6951
7290
9204
4476
8258
9310
2430
8619
3158
4406
3000
6415
461
4065
3624
8861
6202
7149
3053
5193
9881
4267
2553
5788
3084
3631
774
8342
1612
2119
6043
2599
3090
1540
7362
2805
8264
4179
8010
3790
5619
3542
8511
6121
5829
5990
8981
8147
4593
6379
4369
7869
9916
6213
9944
5619
2592
5908
8543
9248
6710
3739
5561
7186
388
2784
2412
1127
5614
3758
4306
9312
41
6027
3581
3436
2963
1255
5536
7089
2210
4198
9726
1217
8739
2922
6059
2686
864
6413
1630
5224
678
951
1230
8177
1038
7910
1725
7403
2722
4691
8107
4377
7810
7412
6880
4101
7186
8640
714
9775
7152
5996
6767
2366
2587
7756
9954
6159
1834
9716
1577
7188
1534
3558
3194
53
8029
674
5374
20
5594
6999
1086
1552
796
3806
3874
1453
6554
6572
1638
4659
9099
9072
7953
3372
5986
2652
4088
5730
3519
1299
6650
8464
7535
1527
7624
9132
2345
2407
5978
7418
8837
5108
2472
1701
4185
3215
2311
6677
2494
4783
3414
119
7764
4592
1655
2083
8003
406
8248
7796
2097
151
8572
6278
9061
7891
6258
369
2666
5233
1064
199
3170
1375
4209
1423
1789
9380
200
1543
2940
8455
9923
2518
3839
2061
5770
5516
1010
9443
5955
4139
8478
3848
1755
5757
3003
4143
8445
6670
7558
7773
7920
5758
5433
2110
8629
2982
3880
8108
6288
3655
7962
4871
7113
6755
2443
6278
3812
5718
1944
1090
3390
3112
7372
6143
5025
6417
9650
8146
5681
691
176
3369
942
5390
1099
6105
8613
6737
7505
6121
3033
4190
7907
2570
8794
9324
9065
6802
3525
8140
6065
9359
803
3316
8868
7057
5848
1159
2064
4522
8656
9155
5459
789
1494
3917
9281
5658
258
6075
9310
2387
2093
8149
4030
2989
4919
3869
8018
9913
7981
2504
3216
3214
6433
9783
2501
5464
7065
7768
7977
7567
6791
9645
9829
7443
260
1805
241
96
8048
4843
862
1958
2298
7094
1630
4623
2385
9247
3380
3078
9187
6176
6586
1354
2919
2657
3829
4179
6114
2897
4164
6634
280
9922
3384
5095
2094
9785
5407
1806
2511
7282
6477
2309
129
4399
5687
9668
8320
73
2447
1913
4184
27
3961
9485
6223
8380
3498
7549
6763
8573
3339
4048
4631
9729
4601
8076
3378
5966
9872
4755
394
451
3529
2178
2697
2986
8990
3173
5872
9792
1675
9644
3658
6814
1496
90
7042
3366
8824
1535
3336
1179
3530
5500
7707
5092
7530
3998
1873
5462
7410
5517
7323
9169
5287
2901
3223
5580
2778
4695
2503
6218
5131
9069
3035
2036
9967
4717
4722
190
7855
6307
7446
2961
9973
2946
9266
5135
1489
6965
9076
2505
7987
6802
2970
3435
6227
2249
9014
7441
9877
2443
781
9606
5437
7026
6092
7315
3529
8743
3680
6266
5951
1324
7215
6011
9485
12
3006
1380
3268
3286
5065
5069
7769
3473
8723
8371
9860
771
1942
1616
324
9932
1667
3198
7222
1352
1052
6254
982
8652
2314
5027
4855
2931
9010
8766
7362
9891
1100
9559
1820
9693
5863
1986
1628
1082
7845
6646
9050
625
1427
6684
9515
5132
307
6290
3062
346
9200
2816
9529
1814
4422
9613
4260
4439
1668
5003
6755
5743
1243
3912
5461
4043
3287
2564
8159
6888
8148
3411
8842
6924
9908
6993
8827
2120
4328
9778
1938
4735
5971
2190
1031
8760
3117
9043
5889
8716
3229
5332
555
3597
6188
4007
1566
8544
7298
8712
7184
3382
7152
3729
1776
1564
825
5412
8764
5230
4621
4217
170
2129
4567
4155
773
7952
7246
6907
59
3275
157
1189
5785
7755
5789
4033
8770
5457
860
9551
9764
4318
9756
2508
5719
9572
9103
8569
4585
5701
8639
387
4878
3995
2053
8957
8721
3063
300
2539
4763
7863
9074
1332
475
8682
1544
4616
1656
5315
7293
8539
707
3234
8402
6933
4179
7935
4118
4600
4440
830
6184
2338
9916
5111
7964
5671
3279
2753
1837
4706
7233
4545
986
835
3053
3417
3634
7123
7967
7634
120
3090
3583
4479
5739
1393
9131
6945
5189
3389
6
5621
7700
2951
4329
5534
5404
3078
7557
2942
1393
7782
8017
298
8017
2580
4230
8470
462
464
8287
4125
5430
6691
8229
6738
9793
4922
6339
4033
9548
9316
9623
6938
5062
1997
3298
5059
4656
3025
8121
1586
4898
437
7551
2093
2626
1253
1379
5218
699
407
8252
4411
6725
3520
754
9056
1631
1120
3178
109
2820
6498
3921
149
4869
6690
1584
186
9282
6302
6257
5951
3596
6815
5230
4485
9351
9839
5428
7812
7820
1379
3238
4234
2274
5568
6065
9366
5527
591
8959
8397
2004
6533
3968
8287
4235
4745
9480
3580
4724
1007
1735
2393
5459
211
980
9704
9020
8613
237
3574
7149
772
5563
6172
4972
2258
2856
5513
1628
5876
7742
5775
949
8749
1892
3687
9079
9936
1251
6035
9412
3416
9061
8628
9100
9266
9336
234
5497
6637
4490
5897
5396
5755
4183
2849
4685
2563
1136
8779
1119
8877
3672
6612
8335
2940
4025
2150
4914
149
6093
934
8366
1353
6242
8511
193
6633
6003
3914
4897
5754
6073
9647
2704
2573
6888
2652
3111
9624
2226
9911
3893
797
8792
9109
8147
4620
6531
9584
143
7946
1567
1220
9299
57
6044
9309
389
168
6939
1516
7322
7080
8963
9061
7183
8364
5002
7941
1129
7871
1275
7641
8712
4568
3363
4129
2658
2758
3545
1155
1846
3610
9558
8848
1218
554
9752
1477
8731
6613
9922
6834
1086
10000
2611
8151
1955
5451
577
5760
8654
2642
2270
9717
5874
9782
8697
6547
7908
28
7806
2944
4075
714
4710
6755
5536
525
3429
938
5564
7768
8622
9275
9447
3661
3828
3601
4696
8166
6094
1054
6992
2302
5543
6425
2383
121
2468
9077
1677
5550
3792
6091
8637
4170
5387
3322
9665
7673
6678
3849
8965
9183
9177
8947
9830
968
1169
170
9674
2142
6656
2381
3688
2862
7780
6618
9612
3297
6543
8613
3970
134
3356
3446
8395
786
7110
9337
3125
5595
3900
3885
3644
1333
9260
4242
5560
5077
1819
8591
2290
6128
4689
122
9891
5098
4535
6234
3467
3473
7299
5069
9991
4031
3860
8725
3053
2327
8508
7453
6149
2150
8054
2010
2372
3306
9657
1930
91
8387
973
5968
6124
6291
7139
7197
190
4168
5237
9332
7058
6201
8445
2718
5622
7165
8808
8151
7448
1066
9765
4159
781
328
6915
8754
9888
8977
8334
9745
3732
4038
3729
8687
2468
3027
5165
2276
4988
1736
701
1606
5860
5851
6347
4025
5405
1887
983
4614
2341
7847
3566
4236
4486
1622
1838
8987
9320
5692
7012
1468
2874
9904
9465
7802
2377
263
6340
5495
5337
588
3136
6421
5383
5545
7852
5988
3017
8218
8082
4314
7711
2634
8550
7725
6249
1889
9016
9195
1099
5456
240
4524
1724
5082
8728
6947
1198
7271
9351
6663
304
1752
8656
3331
1334
9586
603
8976
4249
1584
848
5918
8540
7577
5246
9384
5178
9732
3235
7256
4379
8607
6968
59
6529
8897
2617
2732
5624
2962
1187
5980
6819
4114
2287
9107
2289
8392
5870
8066
2486
3075
3708
2202
3108
2557
4532
657
1613
7354
4143
4717
947
9998
4611
5541
2305
2385
4671
7642
3221
2706
6849
7249
2028
6544
5486
1261
4853
5926
3864
6880
6685
2177
7907
4211
3788
3256
8576
4136
724
3940
5002
1564
1641
7684
5634
9833
2068
2294
5248
5439
4485
7632
1533
3588
8152
2508
6137
4076
1326
9629
1566
3926
1851
2021
7139
7901
325
1702
4282
517
8617
1521
3949
3505
5270
4100
6614
793
8562
7576
8415
9063
7367
6434
5341
5643
9832
7191
1070
7125
9878
2849
3047
1432
2020
7129
5688
3293
5642
9333
9245
8074
933
3341
7761
1737
24
9744
9820
5359
8481
8379
1329
1032
4325
9680
467
2300
3989
7116
1071
6301
7201
9777
2287
6690
5735
3651
9059
6128
4118
2547
186
4610
3963
4730
8108
5228
7395
9354
7277
2130
9208
7546
6127
6342
1863
6617
904
3901
2178
2261
8388
7340
3688
2873
8504
5883
4022
2118
7112
2007
2387
768
3915
1930
8238
6472
315
5489
8589
596
7346
6464
8038
4605
4304
7865
2567
4480
4632
7954
5437
681
6740
1846
1089
2804
3967
435
874
2681
9701
3050
2626
6996
760
2799
4640
670
4628
3850
3446
5246
3792
8058
3905
2265
3601
4255
9652
297
8322
7343
1642
5626
3831
5821
2687
871
4330
5843
6228
2855
4802
7045
8347
860
532
404
3004
9125
9962
1238
1852
2863
7358
1039
1614
5410
7392
344
4000
5195
4531
1050
5364
5158
6358
683
5952
3943
1443
3012
1437
7766
9155
9092
2687
4186
959
321
3223
4193
168
447
7659
6981
9834
6555
8568
2592
6566
44
3701
1208
1397
7362
216
4274
7520
6800
7719
1884
8683
2101
7259
2890
1394
5763
9201
9044
8642
4974
8849
2163
2797
920
5096
3783
635
7858
3995
26
3910
1747
6095
582
4843
9580
3714
9522
7026
9505
1843
7494
8767
8852
4327
9307
7685
1746
5148
8309
2493
597
3194
9125
348
6019
7692
3287
5869
7891
679
8088
1000
6225
2313
7584
3264
4238
4624
6122
3609
7632
9378
8931
4085
3434
6133
1431
9856
8998
7291
8715
9695
6705
7944
9332
4039
2801
9685
3027
9909
9383
9189
297
7580
7030
4318
2806
4735
1818
2820
7583
35
4533
1226
4646
9517
1779
4502
7269
6037
8393
177
6414
4137
8046
4249
6080
58
4297
9942
4233
9468
7429
4602
4826
3447
3396
4443
9975
6701
9955
1634
7825
610
1610
3323
819
7749
9422
7576
1151
3792
3874
6940
5033
7369
9070
6339
5068
8332
4284
8373
513
169
4583
5741
8482
2840
5640
7440
5254
8176
9153
2715
5797
1190
4336
4285
1285
7109
7831
285
8989
5755
9105
2579
6228
2045
891
7616
272
3777
4562
4850
9038
5620
8445
6894
3208
1321
3058
5009
9057
4442
1002
3374
2595
1695
780
5590
9967
1878
3255
7336
6005
7762
6617
9761
2742
7874
752
9266
2315
63
4729
620
4215
8983
1744
2047
5076
5162
4332
2850
347
4246
8888
6446
1082
1112
2638
4235
5807
5116
8058
8678
6990
9491
9464
7103
3962
63
3983
1359
9331
5878
4456
2222
3881
7046
4936
1615
5776
3227
422
200
3449
9494
1201
2637
8008
5011
8750
7905
202
3984
4554
7493
9039
7589
5369
9969
3977
268
8468
6456
337
3676
8262
7904
7975
6799
1281
1664
6619
1359
9978
1872
7353
7451
7058
5384
8627
5553
1132
2637
6932
7570
1349
667
6796
1316
3375
3756
2130
39
1603
5704
1107
948
2790
6536
9723
4505
4439
5647
5022
9267
7226
2798
7521
5439
4506
8203
3818
3997
3501
2992
4588
7203
2177
1773
202
674
2998
9694
6081
6769
9770
7449
2530
3976
6586
9031
9320
7270
8552
8625
3509
9903
2380
5070
196
8034
1242
4542
9705
5713
2296
4712
1512
9283
7237
6547
4738
7042
5874
3123
7356
2138
281
8336
1491
4096
2364
2255
109
7116
835
3999
1201
1355
4539
7481
9208
6760
7823
141
9772
7691
206
9893
3224
600
7032
864
4165
6311
9913
4297
9411
3066
5864
6910
4232
6453
1796
5449
7269
7555
6666
2744
7815
1229
7085
7566
5275
2290
3375
7881
9486
8549
2198
4648
2352
6156
8710
1224
5774
4521
5944
1667
8186
5154
1606
9723
2224
1266
2773
9142
8988
2661
7169
5126
149
3532
5584
6141
7821
9143
3817
5134
3416
1044
4037
9274
1068
9489
4893
7723
8126
5993
6873
7678
5159
8635
4426
9936
538
7586
9192
6564
150
8642
9304
4940
1088
8060
8191
4349
9271
2877
2561
3625
4851
7085
3316
917
6015
5491
5027
9534
1297
3966
9327
7053
2906
6820
5036
8422
8710
9552
3222
7569
8519
7908
8456
6235
1088
2275
8543
3195
1864
9794
3733
1778
7917
5236
2978
8742
5742
5739
9210
2887
9626
3730
7805
7590
3157
7047
2404
7373
4112
5157
88
5045
3412
5650
3522
2542
2177
5705
1166
5591
6961
9128
7884
9576
2201
731
7346
1589
634
6307
4533
1548
6950
8263
1332
3450
7352
4124
717
6397
7825
7505
5341
3833
6891
8911
4499
8605
4443
6811
9373
897
6843
7750
200
5906
9868
7984
640
8153
5347
8094
3920
9796
4359
6361
2609
951
9697
6284
8842
1128
3001
8569
4631
2143
7435
8153
2572
4603
5036
2384
5661
1958
9031
7362
1222
8422
5275
5592
8016
9639
3732
9646
7464
7897
433
3278
9659
6855
2719
3621
2289
4326
5737
5453
5990
5468
6129
1333
2700
2890
9653
9427
4617
4652
3077
4193
49
5891
7100
3855
9074
4931
6277
2477
6264
91
3990
3861
9979
9160
5332
9050
7680
9481
8444
9151
4603
3001
5341
479
8708
7214
6540
9535
8315
9923
9888
1200
59
3052
2955
4778
3897
8261
28
8892
8765
5069
9327
8180
7195
393
3380
1743
9703
6916
5712
5807
81
6554
9909
756
869
4444
2982
5786
4217
8327
3515
2762
7120
7967
6504
4583
1574
9373
1029
2309
9595
8944
3963
9665
207
3402
2703
3084
580
2394
2686
474
6244
1967
814
2038
6001
8811
4299
2123
5575
7074
5475
1878
298
1871
7085
8720
1221
6186
9251
81
902
735
8891
5741
4843
9643
4692
5113
2030
8217
5929
3376
3386
3033
1371
2987
43
8622
5337
5239
4329
9564
1545
9865
5080
1534
1829
9375
5508
9966
6019
8820
6194
349
1311
964
8004
9971
4341
1472
9730
6831
6794
8666
3059
7906
5905
7620
3153
5497
4467
8962
6507
7433
1078
8554
9074
4108
280
5480
6686
2986
3952
2214
6673
9054
9887
2656
4322
7936
811
858
276
6931
7293
5682
5346
8021
932
4381
7291
6097
74
1137
128
5091
8807
4989
233
4479
1510
5227
5111
8699
9389
1358
78
2456
2477
9037
5304
5571
482
2961
655
2063
8464
2717
8633
9511
8847
7716
6307
6347
9556
3017
5603
6766
9146
8624
7563
5129
3742
1068
271
4395
7320
7568
2021
5985
6389
9858
987
1680
2509
6922
195
1728
1244
3268
1889
7119
4097
2144
8532
8173
814
1141
8631
6040
3005
1019
4334
8479
6468
7238
4310
6376
8823
7707
9821
2867
1117
9544
4084
2636
6882
2269
5038
4986
9836
4802
9440
619
1869
8829
1860
8723
6250
1723
5602
7895
7094
8038
3798
1751
5067
9752
8053
7615
990
2008
8847
4606
3592
2819
6638
5667
4979
2375
5098
6557
7577
13
8242
3728
9271
4652
1345
2098
9256
7538
1499
3251
5725
4545
7399
4319
7927
8921
9532
7927
9362
4395
1353
3960
5920
2852
9171
4645
2625
398
3525
5429
5308
583
7660
5522
9008
3784
9279
3584
3213
7299
297
6010
5125
1604
5483
7559
6061
4363
5012
6630
2857
5304
7821
420
5629
1878
2333
8383
5650
7732
8670
5957
2244
3444
1739
4357
5571
1759
7785
6375
2985
7552
7860
2593
238
6176
517
7206
5229
2512
2516
7719
1209
7008
788
8193
8415
4345
1057
1422
7942
4949
8541
1469
9345
9532
3986
4279
3917
2045
3905
805
8909
7052
7348
3983
4036
3311
2799
8207
554
6624
7851
7522
4891
1438
1197
6671
3381
2540
1203
7326
2004
5256
7777
370
5178
5049
4639
3943
645
5115
7188
6075
3291
3655
7112
268
9322
852
8670
2075
3645
9289
3129
4873
7552
504
7225
3420
787
4731
8713
4464
2016
432
7099
4745
4295
5229
444
8028
7686
23
9776
4483
9405
3698
1095
7681
3035
6631
1225
6742
2211
7445
7802
3778
945
8921
5625
9653
2290
5797
1259
4314
9384
9282
5284
1460
8096
588
6934
1154
8476
8473
8993
8150
2978
3885
1739
8134
3065
8161
3533
8910
2185
9880
2174
8575
2365
9525
5564
8208
3690
361
2396
2243
801
8580
3618
5768
8200
5692
3199
4299
6646
1391
2432
8250
6192
5672
5374
1272
7550
4839
4343
8909
2340
7247
3441
1606
4572
1101
4960
4028
173
8434
8211
802
8805
6520
2865
7413
2315
408
9166
3710
7197
8002
5547
6742
4175
2151
127
9006
6688
2641
6299
8048
1412
4575
4205
3384
8230
8706
9320
7140
4056
3538
6471
5520
4830
8660
2730
9233
2607
3676
5369
2327
187
7396
1732
590
3994
7438
6322
2551
7042
1321
6653
8469
7714
6272
3505
5251
6833
6482
3078
8133
5030
3349
8276
3190
4770
6371
3817
8260
6568
9755
5233
3691
6908
2603
4920
8502
6152
8552
9374
1975
8348
4105
481
5499
1257
3643
339
4551
4143
2990
3434
6135
2908
2829
2210
2663
7030
7785
2096
9332
384
6992
9840
8366
8570
7170
4663
148
8579
9804
5196
8237
2819
9892
6390
2506
8373
4893
9696
2295
4114
9027
6690
9296
2863
9861
991
8138
3083
1241
5868
1186
4809
9081
5209
2849
7482
4221
3721
7899
3128
9683
8098
7724
6956
7946
4734
8252
8827
7641
1070
3327
3330
7946
7087
7759
3178
3381
619
4953
531
1231
5219
5070
3528
8818
2074
995
734
8045
8154
1043
4572
233
1183
9297
5849
5100
8328
6745
5444
3927
9500
8987
5935
8481
8148
9147
5484
4019
2029
7877
8659
6851
3994
5842
4033
4365
8153
7925
6382
8154
9904
2529
2091
8953
9257
3830
9989
5449
5659
9593
6222
7725
9079
2279
1061
69
6510
6535
7512
7229
5241
1899
6488
2744
4252
5574
983
8010
2928
6443
2119
5864
1887
8182
3273
3161
4214
6252
4570
2548
6600
859
8953
4949
8996
5539
2765
675
8266
8932
8328
8924
6008
5523
3337
2552
3232
9657
2083
7422
4919
5955
6471
3366
5583
8436
602
6897
2955
86
1299
4108
621
4414
8343
5967
2046
598
2456
7107
7799
4257
6086
3611
4969
6553
1878
4856
2816
5404
6447
9417
1460
3885
2466
5296
1116
2566
460
297
7774
4493
2703
9199
7506
3787
5631
606
5670
1450
3832
7845
9125
4821
8267
5031
9302
388
3694
1633
1489
3152
5467
6212
973
9589
3826
2806
9850
5415
4613
1485
9263
3810
8933
7937
560
4526
708
5666
5468
9417
305
8360
9725
5304
4422
9284
6866
816
7329
9196
8808
9870
6187
4191
7745
769
3641
142
9470
6616
4210
951
1713
9593
7069
3692
2329
9043
6737
4926
1230
813
4939
8938
6889
3229
1420
470
2858
3298
8855
1640
2357
5253
7166
5158
9203
2397
5552
3711
1577
2330
6277
8440
1019
5156
2933
7778
2804
3973
7266
1656
5464
7117
2875
5001
6549
1949
1191
8827
8966
761
4919
6800
7217
339
6853
102
5687
8122
7437
3656
1771
9471
2706
2333
5068
2615
5393
6655
143
27
5858
3630
4414
7630
6272
9931
4619
6120
970
1355
5008
1893
8307
4684
7923
8602
4450
5456
2730
4189
7589
7927
2239
2429
1759
1541
6653
2429
3164
1620
3879
4344
8202
626
1593
4647
1726
388
833
9678
6039
4963
3096
1932
5996
8431
2933
9557
3288
1852
5831
5859
3396
8851
6847
2308
2053
9877
8864
5435
4124
1014
631
5344
6734
4449
3803
1120
215
4138
5082
6322
4972
2094
4277
5955
9713
7753
1585
4868
6690
5386
7727
6321
2529
2212
8720
8649
9058
2948
2992
7397
7113
4910
2324
83
7757
1427
9665
829
9522
372
6253
2492
7384
8867
7688
4670
8990
4884
3564
6949
6343
1378
8176
8107
6616
8815
339
3656
4088
7542
8931
6041
6245
2312
6893
4109
1060
7434
636
1040
9166
2528
3566
2843
4166
5706
2200
2707
6722
3027
862
64
3166
628
6223
7010
7430
8561
6126
8933
5803
3505
8074
601
7710
859
1503
3807
2037
5387
4549
7678
7841
3615
412
8230
240
478
581
9414
7223
7302
2244
3938
684
8178
4985
8503
5564
7020
7525
4702
4193
8134
8719
3856
9084
9015
8259
1262
6307
5266
1623
2988
3340
4033
691
6180
9794
4130
6133
2136
6783
8191
208
9856
888
4570
8921
6648
1621
4505
599
1542
7082
3056
3962
6672
1134
766
2417
1610
6829
6620
2997
5706
4994
1897
7651
3875
4029
8817
1849
2021
6723
7487
449
9263
2613
9612
3604
5518
9891
7641
6117
4610
9111
3615
2107
5045
2128
2824
3103
2887
3527
3574
1753
3721
8594
5860
5223
3631
1405
8541
2063
2298
8955
6743
3823
4875
2402
8627
8008
3110
4526
3436
2133
370
3243
756
9557
9640
4636
4319
6519
8386
5407
2344
6443
9243
3831
432
1861
871
385
2288
6601
9077
4035
8214
806
4278
7875
1222
9268
7764
8239
5860
9086
5829
4751
5414
6218
7832
4838
8996
1658
1512
5172
1242
7111
6467
4226
3807
6884
4610
4675
9659
7427
4634
1723
8312
8465
6033
3602
2544
9970
7074
3465
4910
7379
252
7713
5389
3403
8247
4336
9915
8521
3132
6350
3191
3823
1743
9559
8182
9302
430
974
9005
7800
3207
4038
3543
9911
8279
9469
7042
7914
9309
6061
8187
7469
9408
4008
4741
4229
7806
4455
6647
8822
1432
2902
726
7689
6237
800
2576
9167
5960
9216
8063
3917
9283
811
8967
6266
9834
1546
4720
8401
7324
1474
4965
2459
2279
4808
5670
6515
1260
3050
4970
9211
4267
1352
3517
4387
1101
7547
8163
1403
8852
5307
7092
9073
8391
7750
9132
1131
3803
5464
9909
8999
4984
3430
2765
3182
307
4573
2900
8186
3239
3818
9070
6976
4017
5400
8364
196
5137
7950
6081
2149
7261
6384
4505
298
391
6988
1531
7541
3682
2271
2511
6821
6071
5113
6428
5788
9110
7546
567
5173
2785
8096
6232
8265
4940
3039
1718
511
4963
1147
7766
7590
2826
8546
5004
7523
5271
146
2545
7432
1954
6813
1776
8304
5705
2848
9687
1835
2713
6744
1601
1813
398
9175
4044
8794
3025
6182
4686
877
7680
2196
7764
5301
6146
7103
218
5218
1429
3888
5893
3602
1201
8596
2547
1480
4260
2281
9237
873
281
5457
9612
3749
7577
9104
91
7059
8347
2773
541
509
6038
9503
9062
8083
4757
9322
1835
6547
6472
7973
3574
4176
7704
5159
4028
755
3778
7064
1307
5539
5346
1238
3272
3330
8856
7995
4153
54
9917
1412
4734
8319
6100
4756
904
300
3613
9666
7237
18
500
5818
9321
9570
7544
7942
1043
4181
6886
30
740
9136
7529
2401
3206
7513
6352
5833
2899
1480
3039
8472
7398
1443
7412
5359
9119
6720
8067
7545
7633
8639
1905
7553
4542
1946
5211
654
7792
3232
8213
6885
2555
5726
6777
7009
1371
8261
6803
6781
7089
2458
9164
7716
8366
6265
5665
9359
8937
3846
9341
7554
8699
1554
5656
5573
6772
7187
4704
144
4113
5082
8304
2375
6024
2717
88
4375
2943
5445
1104
5985
1270
4742
8238
2419
4674
1941
7862
2880
314
3764
2512
2220
3708
8210
4090
2603
619
9349
3133
9770
4245
7379
37
8984
1245
5954
739
9052
701
2245
6360
8882
5972
6434
3563
9988
575
6429
9986
55
5758
470
6992
7246
9168
4996
205
2247
1209
7631
6827
5264
8081
5517
7542
8104
8212
7299
15
7329
1914
3050
413
3009
2404
194
9146
9076
46
5007
7164
5457
644
8719
9497
9255
2951
4398
3455
2049
136
5834
9935
3107
4935
2418
7609
3721
8390
4725
1439
6223
7721
3856
8896
2306
9658
3956
9553
9208
1799
1306
6333
9032
6044
5350
9536
6032
4938
6651
8032
9047
3910
4325
5528
1396
9795
803
3614
8597
8784
4905
7498
4976
5022
5171
4760
3924
4396
4136
2262
2895
6791
830
1408
3525
4040
3137
7381
9275
142
3883
3663
7831
4899
4502
9207
3212
2087
7967
1928
2947
8515
8296
8872
9048
856
7409
330
7533
3056
1352
2519
254
8232
6986
947
4422
5557
7118
4554
9827
4353
6771
8901
1101
4781
5753
5199
2489
6936
3055
835
5632
7888
6726
6163
6608
9295
8798
1835
7125
6544
8631
690
6132
4097
9603
8315
2371
676
3437
6798
5434
2264
3692
6914
2721
492
4921
4972
2386
8920
6842
1949
7824
9968
3488
4127
7534
815
5773
6456
5325
7436
2122
2114
9716
2137
5964
4352
8122
1463
679
9559
980
8115
2368
3776
3278
2670
8268
8325
6154
8336
3999
4128
9203
4651
5923
8397
4903
4197
5882
1858
195
9669
4314
9457
6659
7384
4329
2539
9952
7288
3712
5964
1233
8816
4021
9261
8136
6604
5936
7003
502
9956
7878
9893
6629
5235
506
4712
8987
898
3184
8244
4543
743
9744
7564
3699
2163
9958
6665
3599
2644
21
7300
6091
9596
22
129
7994
5679
8910
793
1474
4286
7781
4340
5329
7495
441
650
3745
1944
6151
2883
7724
6420
3211
816
5775
8605
3639
989
4698
7480
8547
5990
8324
2123
1041
5925
1944
7328
8483
6132
2812
1332
8740
6562
2575
1250
5744
9855
5819
7312
8064
7162
9954
7913
490
2983
5649
3651
2713
2913
3706
7
1024
1078
3819
5152
8699
7258
3028
1473
8214
7208
6825
6852
3785
3556
3869
4444
5829
8759
6028
7813
9918
6117
9112
1592
1545
9572
6022
6568
4601
8139
3337
2039
5824
6199
4326
7651
9715
6603
6288
1481
8399
9565
7763
1118
8731
6649
1619
9709
4600
5821
3362
9481
5820
481
47
1178
6240
2686
4156
8952
2824
8343
8494
6799
4281
62
2698
4439
2559
1587
9333
7600
3025
6204
7679
182
9441
406
6330
3442
8040
3247
1476
454
892
1224
6389
2439
2553
8380
8994
7243
5534
1336
8699
9252
9542
9431
639
4320
6605
783
5386
2916
9239
6190
4807
9625
1610
4052
274
7379
4292
1225
7684
362
1669
6594
4847
387
7291
6504
772
7733
6538
3734
3024
8919
7899
4597
8949
717
3773
1996
8849
1795
9309
5754
4422
825
3037
5384
3684
2662
6254
4647
4451
2207
9001
1651
2025
8980
9297
3068
3149
4075
8821
6120
7528
5207
2626
7363
258
4813
2689
3059
3352
833
5085
1895
2217
9716
8403
7188
3424
6417
6664
2344
3393
6755
3447
321
3723
3312
5170
5090
7819
7296
573
711
5181
5229
320
1516
4287
1173
5330
5120
2315
2300
4967
8488
166
8041
6539
6156
4180
820
5687
8809
1766
9411
3188
9927
6745
4318
7475
7949
1628
8302
3718
1528
8302
4121
9740
5815
5579
5893
6174
8436
2004
90
3360
4880
4897
7121
211
4301
2135
4677
1004
8429
1461
9614
4416
8231
3204
5964
5451
5238
6203
2889
4931
7058
3484
7871
3135
9459
3745
7224
3854
663
7085
8170
2645
7001
8560
4109
8392
2874
1154
7488
401
2212
499
2714
4240
2979
7333
4949
8234
1123
59
9258
9172
5418
9035
8637
97
69
6216
8712
5305
7650
8681
1520
7639
963
2195
751
1032
8779
1466
6024
6856
7017
7028
4363
6084
3943
4789
2902
561
5191
3229
8016
5705
2026
4901
2573
3887
4173
3475
4832
2415
6721
4931
9590
2552
9168
1603
4648
6342
3489
844
3402
6123
7280
5807
7393
7589
7455
4457
1077
987
9805
4376
4693
6628
9767
5100
148
277
176
6814
9124
1177
2477
4047
2238
461
8902
5714
3011
562
4464
8288
648
6827
9246
7215
1206
1012
3452
2761
7553
2597
9957
412
4750
7896
1653
2658
8969
8892
3842
8568
4824
3340
5080
9869
8186
5265
3452
7457
8924
242
9064
201
782
3047
7692
8732
3659
6130
5019
470
6925
6219
5624
8625
1085
2846
5996
7035
9104
7037
6271
4862
8001
555
1046
9918
5959
6148
5699
7128
104
7017
965
9085
5377
9407
5162
8942
5443
5633
428
2002
2513
6136
6618
1287
4049
8226
4069
4058
904
6047
4382
858
3193
1029
6538
5959
7338
4545
4225
8259
162
4873
9082
4703
3640
8659
3693
4020
6975
3031
7679
7233
1046
8302
9943
2784
3949
2712
275
8356
5326
118
3885
8500
1539
8677
3152
7056
3305
3606
1918
5990
2357
9939
8973
7778
3982
1775
9041
6734
7776
3054
1539
5800
9872
1050
9646
9226
6063
7946
4813
8287
6752
7647
4766
6749
1418
4765
6215
5126
2491
153
7072
7935
5862
2745
6764
6164
8091
537
7412
7933
8363
4548
3088
3915
6640
8310
9171
570
8150
2048
8842
3371
8317
5068
9259
4339
1579
2070
5569
2998
2122
9150
6995
7550
4520
3013
5566
3532
7502
2619
4690
540
4628
5880
1757
3665
1514
5317
6212
5244
452
5654
2145
4226
9726
3192
2329
5011
6777
1524
8866
4969
1469
657
4108
8
8107
6920
4382
551
2670
9178
8167
6055
4723
2834
9867
4820
1860
6827
70
7256
8217
429
3305
4993
7577
6045
4652
5267
5910
1367
7359
9861
7792
9306
4552
562
6088
6879
9533
8570
4545
4940
768
3539
8451
9019
9673
9141
9445
7831
1503
5820
6695
103
2357
8273
8189
2203
8087
4605
2652
8796
4191
6574
4788
6247
9290
5419
3881
3815
8565
5796
8641
793
7786
1115
9141
8757
2905
7186
132
6764
5078
7476
8658
3991
5967
2552
2914
8635
3660
8267
8589
4114
5190
2150
3540
3629
7708
5102
1611
1939
6675
5981
1608
8870
6098
9958
8042
2496
2809
7617
6086
1220
4029
703
4403
3017
5087
2142
5971
7034
2041
2486
8851
7386
2152
2324
5965
1547
3725
328
5377
6024
5617
9603
309
136
5910
790
1201
4705
8686
9007
460
6167
7609
3046
4267
8246
5130
9606
4757
2662
6523
2225
249
7582
8644
4582
756
7516
4392
372
1004
1178
5126
7541
3387
4482
4973
2878
8854
4270
2933
4143
4603
4655
940
728
3632
1901
8631
688
2679
5683
8498
1425
1912
4235
8281
3718
1836
8428
993
3938
311
5125
6828
7266
5339
3306
5316
5523
7302
7405
588
6840
7746
1034
7373
773
439
895
411
1753
4468
5003
5440
5746
8417
1585
5531
9891
9300
5016
2656
2525
9864
2971
661
1516
3088
4606
2474
2056
3306
3040
1367
1239
9210
6663
3336
5625
5196
2854
5252
9711
4008
4607
1378
7815
5424
5232
8995
9177
2863
8820
2449
6300
2236
4491
3787
9483
5057
563
7219
6333
964
731
4207
3622
3095
8125
5689
265
3486
4640
8054
4450
4654
2398
9883
4964
7817
1287
7203
6636
7814
1644
5988
2464
9774
3896
2010
484
2740
7636
9783
1727
1101
1059
4303
6711
5484
7938
1580
1834
978
3382
6502
3771
2056
1533
9532
9483
330
8022
6906
1858
3452
7525
2539
6126
850
2109
3693
160
4775
9141
6592
2627
3149
8524
2658
6479
4134
7772
795
1748
941
9995
6238
816
9482
4263
1903
1354
692
17
3864
7027
4042
7192
8623
3665
8629
1546
6171
9142
3512
346
9491
8426
9535
6951
8114
1457
677
4157
612
320
4246
5211
8523
4002
5636
8271
2044
3506
5250
4820
6139
7471
2260
5029
4115
8607
2316
3386
4669
4236
4093
6059
7476
17
2564
7391
1898
4539
5319
6699
3159
3876
1881
8100
399
9452
4986
5504
1453
9549
7114
2083
9885
4724
5136
8542
854
9985
934
7347
3719
2113
6018
706
916
8792
3806
8518
4664
7288
4032
8790
5261
4378
9960
7098
7367
5923
584
3522
3557
4024
6784
5227
7639
2083
2510
314
3743
3218
9567
3963
1073
5482
7220
933
8291
8128
5980
9532
6032
6745
8254
825
796
1542
7230
3531
8537
2247
9389
9327
1691
5147
5291
5580
9113
2659
7970
2480
4351
3473
8129
9361
4124
1774
635
685
5411
7387
7336
5556
6629
4733
7087
5913
5553
7455
5087
7644
4306
7252
82
5701
9576
48
9829
9038
4484
9940
2305
3674
7021
1536
2620
2531
8815
4324
3279
8795
7152
8409
8543
5541
2629
9668
1994
8087
4578
3694
78
7120
6522
2199
3403
51
4297
2526
1887
5207
186
842
9452
8508
7467
2186
8891
5107
1059
6053
7815
9073
1679
4504
2073
2665
2798
857
3997
3020
2031
951
8918
8110
1146
5715
4959
5740
1782
3279
7892
9058
7202
1272
4938
9522
3884
5053
8896
3640
659
5649
6627
2893
7179
1951
4086
7229
8032
5318
3370
1240
3543
1146
5992
8757
3421
1219
554
5926
4784
2658
2331
5076
1849
4179
6837
1654
550
8000
9456
4371
7716
6249
8393
4286
1084
3985
8813
2064
3396
7072
1841
3837
1063
2047
3372
5221
5537
6862
4010
9903
3350
5911
3401
3911
9078
111
9207
9205
3927
2982
3519
511
1550
6621
7159
7518
1808
7298
5441
427
2671
8961
7290
682
216
4390
3323
208
6797
7950
7488
1935
7811
919
1129
1527
8258
277
8044
5290
1264
4422
3921
2014
2115
4845
3907
7186
2966
1027
7502
6403
5389
6946
937
1134
155
1500
3315
3990
6286
1879
4308
2599
4253
8453
8019
856
1469
2098
9724
3817
1705
75
9643
7853
3914
4494
629
802
109
8255
4752
7805
6377
6923
7056
7259
5914
1408
3530
7932
8031
5572
4279
2617
2497
4903
2177
5943
4298
7267
1957
3937
9891
4403
4568
792
2418
3317
6903
3885
9950
9999
7561
1572
7799
4020
5153
9536
3263
1470
6873
519
8673
5401
1513
9198
6581
7536
2954
8598
9120
2300
7231
7013
2057
4436
8752
4669
2979
4420
8959
7544
2091
1706
3790
1678
3693
4412
4678
5077
6060
5487
1480
5882
7628
9626
4752
4873
7733
2232
9075
7552
896
1604
8754
6082
4649
8151
2168
4163
2245
9949
1253
8568
3259
2250
8186
9521
7018
9621
2217
8336
6107
3323
5735
4820
9758
3320
189
8836
9852
3730
9275
99
5466
3022
8910
7819
5412
5331
981
7075
2080
7268
545
2012
4022
5424
4259
6829
9189
3324
1187
4321
5499
3028
5770
8329
532
5811
6790
778
7489
8373
5435
6253
332
5895
201
6994
7005
942
6298
9101
5978
7644
2464
6292
8031
3931
8671
1061
2119
665
4037
4309
1483
5450
5480
3623
3698
603
4115
7233
6322
9350
8219
5393
7958
1616
8698
3442
3100
999
5428
1107
7979
7429
583
763
3736
5883
8117
3308
2768
57
6943
4060
3807
1361
9033
2666
1441
7814
2643
402
6136
4444
5202
5419
1551
6694
9981
1526
6986
934
5648
8909
4083
1739
7993
5813
8627
3794
8714
8690
170
7487
7007
4525
4575
1074
5877
3191
7058
9103
6595
9506
6301
6274
1510
4397
3364
8299
7596
2092
2671
6470
458
5539
6172
636
1370
5450
5949
6072
7881
9258
4987
3326
1950
5064
603
6559
8254
2228
115
5107
9249
4611
3750
5036
2956
4714
5477
2327
3994
6940
8490
6981
8342
6031
8417
7814
7557
2388
3943
1016
8730
9395
1543
1635
2319
9158
8269
6067
1205
2130
4122
5369
772
2976
3462
3753
1669
9725
3091
3958
3985
5783
3203
1371
4026
4690
6203
1772
2623
5638
7567
3307
6943
3715
2365
1971
6172
2616
866
1244
5083
9098
6692
769
8538
7887
1432
6016
4234
2904
322
702
679
5710
4603
6439
2242
4867
7541
9506
3447
591
2726
3005
165
7469
5229
3695
6283
4299
8462
6759
561
4204
2209
8462
9946
9990
158
6226
2324
9498
8490
7971
3938
3151
615
7746
3984
1239
6980
2682
1786
1613
3004
7042
9885
9433
2695
2775
9838
9324
243
2409
6145
6922
6997
9297
7749
1136
6614
2344
5836
669
6906
7119
1319
8339
2905
2986
5269
4580
2032
6324
843
7127
8887
3215
5814
7323
4152
1098
629
4776
9379
7753
8178
1145
6981
7764
7874
719
2730
1128
8526
156
6171
6014
1528
2269
2980
7859
8395
9039
2080
9989
4347
7201
9493
6684
2783
5684
357
8272
3759
7930
363
9220
3353
3722
7858
4413
9743
4508
8373
5885
6140
3417
3959
2082
360
6170
790
4432
5705
1913
9801
1456
8121
3641
6805
8959
120
6298
479
5935
2830
6954
8881
9737
3727
5470
7759
794
9096
5989
6822
6708
7057
9280
3317
7875
9149
3456
5837
2015
5842
5927
5071
2903
4151
2572
2394
9403
3533
1080
1634
4560
9645
4130
4149
837
4223
4709
2417
6884
3313
200
2747
3222
5415
4095
3444
9116
5717
4199
772
529
2514
4001
1396
9589
7168
9534
6651
9219
9499
7480
932
2765
6405
1558
3781
7294
2645
3285
2834
1020
9239
74
2691
9835
6750
8388
2995
5265
7819
2087
7505
6371
5749
6537
4815
1035
3709
7060
513
7948
2147
6381
17
9117
407
9381
1133
4225
2184
5094
5444
2330
3499
5274
8045
3468
6131
6003
5863
2573
9092
3889
5802
786
5655
1182
5324
4712
3697
4773
9695
2461
2646
2506
2104
6436
1239
6482
5158
6721
6433
7108
4780
5667
5331
3527
525
3816
8794
5760
9472
9636
7499
1413
4394
740
8684
5114
787
2212
4510
1970
1411
8455
1082
7310
1525
8608
478
3713
2764
1960
6891
2901
8645
9038
1898
4469
158
6078
3275
5603
5569
5453
6282
5978
4577
2283
6386
9811
3357
7939
7556
2707
3614
4446
850
4385
5768
9888
3891
9597
3663
3832
2976
8675
5767
3536
6118
5977
5751
6209
7050
9249
3517
9985
7404
5368
6318
6419
6675
8327
8387
284
7340
3393
6716
8264
5539
7361
15
6704
6124
8546
7726
50
4536
1780
5979
5773
6980
3012
7875
8661
4662
5339
6083
7208
7497
3298
6855
7478
7585
5069
5848
5313
3042
2874
7817
6044
8308
303
4191
1970
7907
1571
4835
1779
6855
1750
2871
2811
2369
8952
4344
6629
8364
9089
7729
672
6314
1379
1806
3985
3527
8075
4247
2941
2586
5020
7436
3726
3782
617
2493
1888
5750
9499
7243
5744
8166
3818
8970
9594
4393
9433
8192
4794
1246
6440
5404
1559
7668
3580
8767
2025
4057
3782
7040
5622
9215
3817
8742
1043
2431
4443
5445
5256
4136
8679
4418
8860
9658
4948
3391
8877
7196
8685
8149
4568
2877
710
1836
9235
2887
3188
3418
1119
5128
4309
1550
9524
556
951
9275
8022
7454
4560
4427
5274
222
9202
402
5342
7988
2355
2017
3660
7287
8373
1625
1836
7434
1740
1321
4309
6760
2274
8128
2586
2853
7227
382
8213
204
5898
5180
3969
4165
787
8724
3851
1037
5610
3665
6331
290
4535
156
2124
6359
8932
186
7203
4340
7552
8016
4193
5976
3655
3055
415
9765
7839
5340
8836
1785
8511
7938
8972
1879
2883
5060
8412
3176
110
9456
2010
1687
4791
7711
5052
6615
3403
7529
8735
1398
8488
6727
1153
84
5356
9753
4638
3574
3949
3842
799
5532
4107
3585
7888
8297
5942
9649
1205
4999
8289
4657
6224
5295
7251
6843
5771
8586
3777
9967
7208
426
3873
6204
2869
4932
7575
7271
7192
8433
3146
7835
6957
7355
1057
4451
6845
6385
8302
2724
1107
1326
7319
5139
3596
4738
5403
2141
2576
1455
9830
9400
3846
5391
1156
4929
5491
8616
2143
763
292
8690
2571
5214
7282
414
875
3383
2227
3769
1939
5588
7931
642
6681
5612
9152
9156
3114
3284
3668
5881
455
8802
570
3041
7567
9409
9197
9926
4490
2587
7304
5153
1198
3737
5057
9197
800
472
2176
4610
5371
149
9230
4783
1370
1982
434
713
8157
211
4581
9316
7513
192
2741
6050
4261
4963
6244
9298
8105
5908
6105
3848
4607
7438
5551
6080
8891
2286
582
3995
9056
964
9609
1142
7610
6201
2125
4614
8239
784
8116
3835
2156
5120
4401
8639
2974
9022
1533
2255
1500
803
4959
7281
2260
5547
7205
412
1607
3598
3579
4818
3293
9780
2526
7363
1068
3623
3165
1603
9520
954
6770
6453
3677
7636
6022
4720
5170
6908
5660
5360
7677
2867
885
8192
7276
3906
5308
82
3906
1609
8536
7168
8625
2571
4605
8537
7567
2856
6367
2984
7645
7430
7673
1945
839
9777
4746
8529
3691
133
473
4659
6081
4311
525
5821
8706
8880
8184
5587
1821
2683
5554
209
8733
9085
2435
6902
6295
8118
543
8122
1267
2840
13
8179
5720
9541
7133
7759
6913
7191
7133
6630
7072
7570
3514
4664
6310
3778
5871
6610
7556
1574
1461
6573
5843
4880
1882
4038
5523
4086
5119
4459
8074
3403
4973
3921
46
1365
4400
9197
5387
6843
6662
1630
8886
1404
8348
5736
7832
7769
1303
1091
7069
3151
6304
9234
8627
5869
9895
5566
816
3255
7254
21
3308
9090
8160
9177
4032
9113
172
6854
998
3910
3010
9845
7095
9507
752
327
8774
7294
3993
6801
164
6632
2343
901
2593
5359
8810
8346
5745
5788
1459
8430
797
6293
4534
7999
7717
1535
720
2608
8613
7569
8606
9729
6571
1597
4557
6265
4671
9987
6211
5408
3077
2305
5546
5903
3000
3590
3160
169
5100
1869
1720
6408
6482
2990
5849
3816
4803
267
7708
9331
226
2137
2410
8962
5951
7038
5057
6672
5870
1086
1669
9056
3562
765
9585
4566
247
9782
8981
1961
604
6560
6112
3793
4433
6411
572
7254
8995
297
3436
6528
1617
368
483
7890
4598
928
4887
1229
4802
2355
6705
9433
8482
4639
2325
104
7778
6667
5615
2478
9127
7150
3920
6048
5383
3203
6326
6458
2835
2943
8586
8470
1496
9239
9031
5476
2063
2712
2389
9932
5758
3492
3955
9346
3895
2811
4824
8006
2482
7539
20
5500
3392
3013
5262
9267
7752
2099
4813
9915
9046
1340
2463
4829
3157
8242
9965
7744
52
7280
2482
9351
7165
6054
8548
6793
7644
7156
2823
7913
7595
5791
3580
9531
5199
7958
3199
7688
1168
9081
9252
1774
4361
8410
5744
3814
8624
180
8961
8728
6883
8574
29
1393
6361
9865
6774
1532
4441
1764
743
8008
8095
6956
1402
9999
1129
5084
8365
3700
2498
5046
4306
9675
5869
7345
5717
7806
5308
4452
6015
3921
4452
5689
5712
4561
6872
1938
7277
4158
3458
4674
8177
1900
8610
3246
4132
3946
760
4133
6078
357
4369
5976
8518
5058
9849
4583
4027
1488
5151
2846
8499
6219
7698
1478
4391
7711
8183
7888
4730
7673
8417
2096
8883
8010
3811
598
2256
7236
7381
1347
5963
6387
6196
5598
9237
6001
3106
5292
6923
2486
6281
7831
6715
4370
6563
3657
5985
6314
8019
5849
6020
1555
169
5144
2283
1453
1318
8213
2910
4238
1201
1815
4070
3694
7706
556
54
2532
6818
1339
7996
4502
7160
3347
1957
3921
453
8404
8831
1217
7117
2888
8926
8338
1795
9064
7455
8424
7100
591
9186
38
5069
4330
7494
7380
4964
8072
736
4455
2860
1778
3430
2946
3234
8097
7066
667
5209
6465
5559
9902
6502
3925
3304
2675
6183
4959
9622
3082
3367
2084
1933
5126
2677
8746
1491
8245
8899
6116
9650
1669
2655
5823
9743
3073
6085
1336
9484
6595
2558
1762
1459
239
7262
3145
4769
2919
6118
4023
9153
6938
8985
3926
4075
2597
9282
5822
9105
7801
6328
6067
8699
6996
8502
8328
4026
618
5080
1164
6810
8331
2087
2487
5354
6760
2823
7918
871
5191
6876
4266
3055
734
2362
3779
7408
7849
4915
9588
3275
5783
3482
7887
754
1497
7420
7765
6699
4931
1524
5318
4865
8093
5700
4715
2961
9405
3730
5208
9786
9950
1303
9744
8967
8835
6859
7776
1908
777
91
2187
1465
154
2033
7778
9589
2300
7483
6704
6743
4609
5307
4457
8237
7131
4579
8500
2767
4789
4912
499
1487
1068
7412
2283
1651
6107
8683
5055
7545
477
4031
1237
2780
9622
7616
8355
2301
2917
6662
4790
9454
5634
4055
7963
3345
1680
8655
6483
4398
9961
5466
9204
1436
7406
8463
5717
1994
7306
7293
4808
8577
2434
5363
9680
7581
8641
856
1307
4258
6071
4155
4223
6678
2007
4782
2221
3997
1405
8561
4994
9483
8661
928
580
6759
6877
5554
2606
8493
8960
8298
5818
369
8227
5342
8135
9610
4926
897
2568
6515
9012
4232
7735
9564
8882
8042
1420
9439
346
103
7659
5027
82
8053
4152
4927
3028
2712
3472
1253
3756
8854
8498
8693
7721
3565
9755
602
9465
1420
9978
5755
1347
2572
9068
3800
8199
4572
836
4917
369
1218
1495
9283
132
2083
8619
4942
4106
4475
8525
8487
7426
5571
9436
1534
3769
6177
7576
7417
9022
9175
3452
6721
5359
5097
5954
7364
6824
4453
2629
4736
7112
1441
5522
113
5188
6529
3276
1017
4632
5984
1889
5497
8126
4911
8436
3402
9405
6588
4377
1641
1153
5001
7646
7140
8826
9314
5594
763
7180
8751
4130
7811
8430
3862
1864
5865
8360
5444
1932
8757
9474
5571
8335
6181
8327
6083
8054
2133
7544
8687
5028
1722
1714
7358
7121
5164
346
8148
2635
9783
379
3672
8634
5725
5346
9593
9350
8739
8249
8198
9321
3840
416
9843
2506
7021
9196
6452
5645
8199
3178
2552
1342
7580
4867
8347
4011
9295
7164
6286
9652
722
1865
7212
8690
3290
5496
4732
9620
652
208
6754
15
3200
5239
1273
649
3575
7483
9435
7903
6512
8075
2663
9439
7727
5596
2236
8191
818
5482
9013
116
8152
9541
8307
1891
1597
9078
9823
5727
1617
102
5443
9855
8710
9282
8291
4840
9480
4904
4897
7895
733
7972
8620
9583
8888
4710
6488
9935
8737
3296
3546
3890
5144
4406
8484
9172
3579
7296
1818
3245
602
567
3240
9846
3356
9520
7863
9713
7934
27
2062
4614
79
2278
8348
8551
8119
6360
5283
5091
7199
5707
2876
5190
6024
3693
6009
5589
2063
3310
8547
3864
8908
9769
8538
2591
9933
1137
587
1689
5699
2657
4906
5008
8629
6267
3813
4479
7427
8043
5547
2743
5431
2748
2104
3076
1614
6500
2540
3620
327
5683
5669
1503
6027
2663
6425
1199
2211
6599
8281
710
9596
718
56
8532
7126
5777
9240
4216
890
3114
5474
5379
173
9707
7282
4422
6978
1924
2278
8954
5163
4328
6148
905
8024
4757
8460
701
8628
7219
4060
4457
5489
9642
7196
4178
7293
4406
1818
3178
4274
5798
5555
1551
604
9947
6744
9402
1660
9702
3614
8776
2421
8954
2204
8748
8397
8367
4945
1966
8464
7240
4940
5086
9791
4249
1963
25
8630
3213
4919
7703
7152
8693
2099
1050
5779
227
4952
9461
2437
3337
3281
2565
5081
15
9787
7243
1449
1380
9704
8119
527
396
6914
8455
3451
3137
1351
5277
7727
2910
3806
9901
7526
2788
3262
2564
4555
8532
8830
7801
8555
5740
3008
5386
3795
2157
5529
238
8161
8513
7356
3455
4338
8998
2542
5849
8452
5564
1607
4801
69
8562
3850
5012
8941
9968
7572
3852
8031
4384
6599
2351
9479
7361
8663
3671
9957
165
6215
1827
4551
5070
3092
4859
3802
5491
1044
8218
6800
830
8637
6173
4344
6785
1239
1257
111
8023
4950
4399
4468
1673
9122
1256
5133
6826
1908
3522
1246
7409
743
7448
2554
3206
4950
5715
3399
6536
884
2891
2023
169
898
9215
9244
5441
6197
2192
7035
8163
244
595
6734
3976
3733
846
8648
4068
4354
1494
9698
6794
4586
7487
3386
686
8589
2329
6864
9581
4856
2819
3165
1126
4809
8040
2776
5838
8688
1559
7611
5019
9246
3390
2224
2378
586
6121
1602
5967
4199
7890
2247
4203
6757
3381
3412
2141
4565
2841
8362
1931
7677
8296
1278
4447
2643
5587
4073
7425
6637
645
8765
9165
7220
8469
5299
5797
1482
3722
1769
4481
5391
2549
3794
4451
9270
6229
2520
2831
8111
8643
6181
2323
6068
1183
8416
3460
2932
669
7692
4991
6638
8130
6062
2113
9931
8907
2215
3805
1213
7420
3359
7281
9271
3142
2755
9725
9103
7883
4985
4906
1402
8291
8904
4994
1350
1651
9129
5965
3364
7512
424
8359
7171
2444
5829
3837
7166
348
8555
1951
1398
6085
9762
888
8725
5955
9126
534
2663
4562
2839
6162
8343
3927
4094
6258
4527
7394
4460
8611
6186
7788
603
4588
4309
6619
9774
2772
8759
8663
9159
9581
6822
4171
8795
6306
4835
9190
5030
9162
2746
2951
1744
1302
1832
193
9479
3576
3874
5366
8438
3789
6104
5169
9912
2667
9939
5643
2102
8333
3122
113
557
161
4273
4691
445
7157
6031
8746
7782
5603
8004
8805
9358
5700
3546
5644
6626
7127
5025
6009
7069
9013
681
2360
7683
714
2464
6315
9141
5912
8264
4028
5903
4103
3878
4695
7115
314
9737
6517
5440
6019
4901
8052
6202
1654
6212
6666
7130
3882
3563
9978
9835
8803
3243
642
7716
5671
28
9594
1451
4404
5319
7958
2403
4084
2948
3251
6362
9043
6527
1181
4866
3684
2183
397
9036
7150
8378
3892
1292
4179
107
7373
3682
9070
8273
1912
7574
5503
6221
5456
8455
6203
4574
5347
1248
2865
2305
1924
6147
8626
6769
1491
2280
2430
7838
5429
6720
7120
1695
1121
9302
788
7897
9467
9523
4007
9313
3225
396
3896
8293
249
5547
9719
3988
5699
45
3622
5131
7752
2579
4506
9781
2065
6317
2594
8557
1216
8590
7204
691
6729
4917
491
2885
2931
1221
5465
9368
3835
9204
7453
7867
6545
3718
4386
225
7243
7753
2759
8297
8723
155
2918
5479
1678
3582
9469
1700
5418
5323
7
5046
7587
1649
8150
6324
6569
7096
4845
3802
4736
3703
5389
4156
5490
1673
8171
2172
2096
2103
5236
6206
1759
4510
4022
8528
4053
6712
4244
9759
8884
2306
3862
4364
5478
1443
3276
9851
539
3906
7477
5744
703
9596
1734
9671
1660
452
7584
6972
3935
9548
2391
7129
3191
7654
7541
4990
1151
4926
7463
7317
1759
5509
4085
5453
6012
5857
9111
3080
8089
3350
9509
3979
4833
385
26
8433
420
545
190
8542
8159
7675
2258
2043
1737
5722
893
1478
8966
7087
4957
514
2085
9851
6739
2096
41
9748
4191
3688
9779
1061
7288
3358
5585
1682
509
6693
7769
1516
9617
8602
4554
150
2395
5972
3983
9215
9828
6805
5808
7256
6305
9013
6908
67
4893
7335
7580
7448
6425
1
211
8097
9251
7694
6322
8011
9830
6136
2695
4119
3062
202
2462
4148
5202
1817
2358
5748
1561
6132
3102
2746
5775
451
5876
4084
7381
8234
4214
1450
9661
6085
7265
4935
300
5160
7353
2117
3237
9602
2035
4916
1309
3745
8446
276
5746
6705
5618
5288
408
7623
8678
4687
5770
7420
7350
8884
59
3163
24
3591
2762
9332
3815
7971
8699
6197
472
6773
9279
9291
7823
3400
1232
5513
6456
5017
2079
815
1816
7903
5922
1591
2554
1073
2777
6913
6999
8875
9573
1572
996
8730
1179
547
1966
8507
5446
3906
6002
9088
6994
7483
7143
1613
808
8690
493
5651
8068
8727
3792
4005
3522
2153
5238
2325
5819
2295
8911
6760
9607
6266
2941
926
1022
6540
9782
4249
6168
6953
2329
7307
5619
9748
4484
6265
6624
6894
9780
7693
8708
3250
7139
7094
7637
1375
8513
9346
7391
7769
9191
6908
9656
8177
7906
2132
5630
5209
509
3302
5501
4967
7954
126
6777
655
6596
3348
3891
194
6421
4822
7951
1769
691
9000
7330
5926
8727
4073
6919
5328
2070
1219
6273
3644
3097
3364
4647
3130
4313
660
3974
6446
6024
8498
9180
1994
9840
5264
8950
3642
5575
1314
9027
5076
9499
7632
4444
6227
2588
2545
6701
4231
8504
7501
6838
4189
2289
8390
5593
5647
2498
7204
7397
9149
1377
9929
5824
3479
40
439
4281
8296
8115
6973
7263
8710
304
7216
4226
8103
5453
446
354
2955
7277
327
5814
8786
9747
9906
7935
9455
4241
1195
8744
3000
87
5297
3685
5968
4844
5442
6021
4743
5798
4562
5409
6796
9527
1045
8472
6931
2116
1173
3765
3664
8609
4416
3506
8643
6635
8225
9660
7693
5820
2267
2535
5495
1497
8156
5922
7172
8571
9606
3960
9130
8929
9737
1458
8382
3735
6721
1152
4293
107
6386
8536
9171
254
495
7325
4474
9941
2452
6349
7528
2340
7924
1728
9589
2766
6536
6565
9870
9563
2145
4065
1682
6529
3472
8973
6278
2628
3894
6553
7124
5476
9064
7928
2398
6113
3672
5540
6276
3886
4170
2747
244
1964
2528
7096
4108
5906
7257
7722
2619
46
1776
3478
7736
9001
7003
9899
8391
4514
4517
9908
9364
1083
9067
5315
8344
7322
4301
3547
5603
3844
3618
6837
3834
2640
8804
9117
6644
7327
2732
9269
2972
8478
8837
8035
1257
3291
9246
9895
1565
4288
5579
533
6107
7397
1189
5127
8542
5871
1355
2622
342
2755
8377
6409
8080
1331
1819
2354
8957
9877
275
1049
3187
4401
9901
2268
873
562
6738
6154
7923
3911
4357
7464
252
5779
5717
6299
8025
698
8295
1184
1990
43
4547
8136
2147
5741
5495
2346
4874
7379
3908
7576
8440
5802
4905
1922
8393
6356
6064
7723
3693
5389
6157
7588
1657
4276
1481
8215
4791
6299
1435
8554
5425
3032
430
9144
4670
8545
1582
4989
691
1678
8665
5219
7537
8958
6763
8959
9834
3256
8792
8326
560
6250
4555
6278
8782
5915
1423
9159
1762
3823
816
1211
1185
861
2716
1087
6338
4119
1171
8419
8073
2178
7401
1911
6132
795
3484
9070
8951
6060
8900
1686
9495
7524
4150
531
2843
9489
639
7262
1249
4685
3573
1562
246
900
5158
6716
4987
7767
8678
7401
9454
7885
98
9344
2434
3741
2795
1684
3254
9442
2711
9352
7094
4219
5798
4601
4467
2848
6949
3946
1913
6662
9804
9190
1289
7668
9758
8953
3186
7447
8336
209
5935
1944
5674
7659
5424
3075
9259
2482
2543
8118
1328
1012
4419
8304
4362
8131
2835
8698
3943
9876
8232
2501
938
4619
484
4246
445
2462
8325
8006
3198
8018
7691
8689
6284
2651
5565
6787
3889
8402
9927
9514
5557
7325
8333
4182
8958
6794
7337
2881
6544
3402
2457
1021
609
5578
3760
6196
9265
7724
5198
7902
6627
6780
6864
3172
4133
5466
8015
7926
6279
5145
5348
8931
3344
5236
5340
6676
5690
5421
1717
5174
9064
1511
9084
718
8020
5751
1582
7976
5049
7605
1101
8436
6286
1614
2968
3215
777
4794
8344
9458
9209
7198
1613
7210
9708
5801
7921
1496
2906
3640
735
2575
5758
3272
1807
5865
3811
6046
6229
1852
4608
6432
3413
5479
637
3692
788
3943
8935
1567
741
1616
5773
328
2915
902
9169
4510
3372
8231
8935
4010
9303
5100
3881
5782
2991
5118
8436
8350
1564
9323
6406
1565
9683
3703
7937
9619
781
4831
6791
6162
8732
1755
9000
6606
5858
4929
681
4111
5145
5817
2327
2655
4144
4066
9250
2617
5624
2620
3023
1788
5313
5026
6746
7467
219
3304
7724
3319
1975
9240
4802
8090
8389
6708
3963
1904
2985
7752
5067
9926
6681
521
4612
2400
7942
2888
4292
4775
7791
1603
2751
1487
3842
3163
8450
2277
3184
9240
4820
427
7370
6462
5008
8197
4044
7632
2409
5916
8801
9038
4943
7679
7751
6418
5528
8405
5989
370
8607
4127
9627
493
2711
9832
9427
6409
2039
6884
2168
2946
5820
5162
1838
6257
2833
3364
6506
7371
9872
4659
8298
9824
7157
3816
3294
8368
772
6296
5338
6492
2022
9362
2786
1513
6284
225
33
7330
9420
6497
6290
6578
8087
9720
2526
5899
1397
3702
3765
301
5292
5488
7985
5186
7717
8328
4755
7498
2249
2808
6454
704
151
4433
2404
1784
6003
3353
1592
2301
59
4719
2780
9729
1246
6154
1753
9714
8320
2245
4215
4693
3138
4605
9407
9402
9223
72
3919
9178
806
8915
7361
2716
2444
9509
1559
6934
6925
5934
2772
7921
9675
118
2066
8663
1183
766
2412
1118
5025
7156
2360
7556
8024
7066
5175
3619
800
4597
9255
3497
1484
5461
295
5792
2754
4418
8235
7195
2500
1989
2257
9928
1407
5301
5364
8044
6530
982
5871
7167
8553
6416
7029
1997
1829
9294
7491
6021
528
4459
4748
8251
1258
1303
855
2534
2383
4596
4782
6013
2943
6597
8522
4615
9509
8483
4766
5162
7665
4745
2370
5587
5862
5026
2088
7074
3317
4086
9170
4491
376
2052
1243
4407
9284
3940
9652
3181
5649
9535
9888
1144
6096
2152
2103
2748
5520
7563
5827
6664
8207
2393
3928
4324
639
4705
9657
147
254
8128
7168
1781
3630
4923
277
4098
9641
2649
6457
6394
7934
3725
3029
8268
803
7128
383
5982
6956
6695
2652
7781
9007
1051
9735
3580
2604
6081
5815
1735
4030
1994
8608
3175
4828
3598
422
1085
6576
4120
6858
2551
6246
109
1444
7081
2779
7336
4859
5773
8486
5358
5487
4055
4644
1510
4059
355
9317
3396
8822
2867
6775
2671
9305
6658
2187
1904
6117
3751
2247
591
1403
9537
2271
6029
9591
9905
2976
9683
916
4798
5612
9931
801
5573
2417
7614
6645
5490
480
1700
9824
4934
980
8556
4788
5578
2544
9793
9013
565
6972
483
7257
1031
7938
1664
1109
2792
8455
8435
112
870
856
7765
3883
3689
3845
8142
5613
3205
4757
6545
6070
2048
1617
6969
3832
3817
8776
8656
1803
8075
1963
1535
2345
7306
3463
991
3286
9125
5752
3971
4944
3354
2439
3755
3921
255
8652
1199
2859
3142
9065
6189
6628
5890
758
4167
4477
3452
9740
9156
4569
1372
4583
6437
2012
8510
7920
5222
4017
5722
6751
4052
6126
2083
5461
9411
1593
9354
1267
1097
1959
4905
390
6287
588
3065
4690
7851
2556
4925
2701
1545
3610
7081
6078
964
8164
461
2284
8755
1272
1441
7051
7571
2367
8775
5585
4430
9160
1518
9820
7737
8566
5103
91
7092
7788
4958
3539
2171
2723
9706
8266
8488
2789
8831
1831
4617
922
2943
4999
7622
5053
8282
6835
817
2646
943
5216
771
3042
469
7630
8498
3307
6889
707
3151
2011
86
3387
5248
1973
5462
7811
380
7364
5239
4099
3750
2776
489
26
434
1862
4988
4239
6238
981
8322
2188
9229
8921
2338
7205
2618
7194
1999
5265
5503
6716
8950
894
9169
5671
3720
3418
3176
330
383
7263
7210
5230
5677
7407
1832
1660
3157
1223
3693
3716
1775
939
8497
9315
7399
6733
8088
9514
5300
9081
6374
3235
1388
411
2506
6077
36
304
8709
1255
6789
5564
4469
7955
4918
6313
8430
7333
5837
1938
4219
9284
4716
6198
6750
3675
4292
9074
1021
8232
1822
4073
6379
1496
6434
3605
5328
3370
6658
1755
7511
7620
898
3359
6260
438
6751
609
7262
6652
8631
3596
6289
489
7020
9163
5712
969
6759
3260
7552
2896
6309
5568
4212
3232
4666
1576
6700
9177
7694
6552
4139
8651
1056
7853
7712
6135
2629
6909
6737
6739
3304
9839
4569
9286
1443
6182
7228
4772
2866
8486
8212
32
5248
1603
8853
7694
3060
9477
4702
2590
6777
8908
4996
1666
7985
4351
3983
9119
214
5126
74
1026
3885
6607
1178
4043
2539
9942
2336
851
6737
602
4821
1047
1422
4735
4253
9863
2346
3628
8937
8705
7233
898
8651
905
7762
4000
8398
3230
9169
1536
1262
8726
5269
512
9455
9331
8070
3139
2844
7256
2775
1111
9867
2629
944
6347
6544
1164
6862
1145
5538
9633
4744
7393
8664
8875
7303
4032
3079
3728
9442
4334
3497
6782
4321
9701
205
8189
2930
4672
5395
6903
2399
8661
8392
9648
2798
3457
3727
2683
6903
2051
4680
8034
2515
3484
8907
176
2334
507
2085
1441
2062
1686
135
4342
3481
7225
475
6903
5554
8316
8045
2670
3266
3039
2377
551
884
8021
7874
872
3578
3897
590
3142
8945
4423
1384
7857
7879
3565
7044
9419
2436
2289
8139
9720
6868
6917
4801
2284
6840
3902
9330
4978
1004
1666
7632
5273
8557
8741
9824
5768
6164
8884
4055
9288
7781
8050
6563
2234
1224
5158
5286
2075
6126
8428
4020
9853
8878
1750
8972
1439
1558
1011
9847
1881
3438
8592
3168
5629
5664
5373
6377
1700
1957
3477
7434
6923
797
9724
6182
2245
7415
9303
482
6851
7152
1530
2296
2268
5296
4714
6292
4048
2275
5142
6314
1654
7319
5987
3097
8215
8092
5532
9999
511
8628
530
2164
6150
2956
9756
8587
9277
7217
4824
5777
8351
8778
225
6428
9549
6892
2179
6338
7142
5763
6399
8154
7881
7552
8139
1006
9813
9806
3999
1011
7261
9075
3901
8776
2745
69
3341
6543
3505
7605
