183
2151
3555
7874
3905
1978
9750
9979
4842
4319
8623
948
6160
4607
995
3178
1339
9439
36
9822
4009
6592
7065
5584
6036
3839
9721
3897
833
6980
6362
9860
2137
8040
4040
5335
4595
494
8619
9808
1461
9518
4706
8258
6380
1775
9943
5155
800
1084
2887
1931
5926
3368
6246
3773
8250
6788
7523
468
718
644
7300
5122
7352
9753
1296
4093
7763
9291
6127
1214
9402
8876
248
9496
9638
3559
958
3878
6767
3784
5521
9331
8929
5921
9497
9619
2582
9981
8184
3385
7637
1299
7691
5860
4659
8583
645
6466
673
1543
7765
4856
3963
7564
609
534
5045
8299
2722
4066
518
3933
6051
1144
8813
4959
7049
4277
2087
8734
2205
697
6446
836
5846
9266
3472
9311
4032
3580
9667
3234
7121
3290
6794
5733
131
707
5375
5582
4452
5192
5601
798
6598
3514
4783
2290
9773
416
8162
5533
1778
9937
319
3495
8474
4710
7781
4598
5418
7416
9454
5356
1588
5821
507
8521
8171
473
6996
4069
2243
1958
3072
2153
9942
2892
12
4263
6139
8320
6415
1295
8051
7032
1927
4936
8265
5471
2646
1865
8683
5343
4933
8603
582
5861
5804
8563
7613
1586
2301
1815
7903
7274
9247
2413
8666
1827
4701
7720
1684
4489
5042
9130
907
7728
7120
3815
3980
2959
3196
2680
8030
7167
5492
573
6251
778
1088
1004
5909
9757
4642
9092
292
7736
5938
3271
6813
7265
1627
8438
972
2748
5686
595
1244
1494
1107
5850
3038
3452
6117
4642
880
4665
1818
5462
6688
4252
4586
1010
8594
9823
5759
3708
9161
1606
3203
6827
4034
1327
4208
2079
2055
7847
6814
4461
5743
7952
7145
398
6606
7319
3648
5766
3275
3632
5198
6263
1645
1129
8970
3769
5313
3412
5715
8836
1488
9293
4588
1231
2237
4614
7057
7641
3439
1563
9580
7968
4145
5779
7709
9525
7182
746
77
1367
7779
8418
9331
9459
749
4771
8471
7012
8352
9112
5324
3329
317
6322
4871
8814
4741
1986
9035
3396
3546
1309
6198
584
9032
4133
8184
9580
8691
9974
734
3447
3875
8970
4633
2227
4208
6915
8503
6012
3654
5127
1084
4548
6096
8826
306
6717
7923
863
8814
5347
2676
1232
811
270
8096
6565
3040
5263
9063
8017
3486
2578
871
372
5045
2133
6029
18
7779
1103
4354
4458
2611
3680
512
1511
1370
37
5367
2007
2928
8171
7471
5820
2860
2234
8917
7437
4521
6206
5329
3896
2726
2287
3295
4892
7335
9325
9731
2124
2932
7686
6797
2557
2566
3565
2837
8146
8003
7454
4521
2819
6335
8663
7878
6002
2949
194
6237
833
3815
6034
1205
4370
5877
5940
8798
6513
2911
1232
6554
4203
5635
8736
9068
7498
9091
9012
8754
4534
7352
9367
5840
3130
5468
1688
6611
7755
1220
138
1739
1983
4748
3948
7182
8158
2376
6127
8555
7982
2123
9770
6175
13
2216
9816
2013
2641
736
9626
1704
3993
4020
8529
4443
3487
3795
8630
1113
3208
8222
6582
6319
1173
9957
8789
3109
2671
5175
6550
162
347
1071
1023
9922
8454
5781
6585
2771
1802
3898
5128
6722
5335
2806
3184
4256
5950
9876
8332
8023
4242
8271
1329
4860
161
9576
5614
3289
3242
4732
6402
3042
5002
913
7457
6482
8413
831
4808
794
6914
2744
3181
6772
3345
3952
2699
4671
7380
7917
549
132
8595
5333
4733
3514
1098
2415
4769
4059
4851
5506
7258
6341
8222
9671
2603
120
6129
385
2866
6372
8197
1649
9708
1588
1756
881
5701
9688
5229
829
1893
5856
8466
1382
9455
9470
7938
9648
3460
3884
6356
4951
2454
9327
8210
6532
8267
1388
5039
5592
6765
1662
6819
125
1713
9011
8733
451
707
9570
5834
5786
4284
1185
1618
7277
6722
3231
357
981
9824
5939
7221
5009
8977
4296
4633
8666
4215
337
8134
7858
7646
4213
68
251
2610
8825
4846
5692
9268
4995
5206
2276
5888
4161
4984
6122
5093
3396
171
3351
9503
3203
6744
6109
1843
1969
668
522
381
2234
2811
3458
1795
2986
9018
6611
39
9098
3553
1048
1591
3702
2319
2662
4577
1829
765
9145
1709
3926
249
2094
4717
6042
5785
3652
991
9392
7540
5644
1558
5772
8231
662
3154
6888
8685
8716
6192
5018
4175
131
4688
9644
4909
5241
3865
9707
5041
4060
6064
3925
5928
4634
5835
2300
998
7017
660
335
1560
967
4596
3781
5163
9350
8329
5790
706
5945
632
230
7378
5955
2998
4637
7753
9793
1363
3743
8866
5942
6253
9914
8933
6659
5446
9887
1555
1041
1276
8200
3675
3633
8100
6448
8351
3128
4098
4055
8498
4970
5618
679
3147
3686
1531
2512
3471
5644
9722
4786
1877
589
7742
605
3788
809
4933
1860
8376
28
3839
1410
1498
291
4629
7020
1352
3956
7427
6566
4925
9693
3926
940
1270
5885
1497
5765
5811
2222
79
5540
8400
399
4620
4182
6739
7854
3547
4024
5858
4234
6805
1320
3860
8911
5391
26
3906
9262
7972
7247
2464
3671
9173
3062
4313
249
8444
4705
5441
2111
8013
34
6046
2732
3367
8067
7163
375
9975
5008
6104
8861
5470
2608
7842
3081
7440
1985
1776
1557
3094
90
5874
5056
8635
7903
3097
9861
2891
9110
8241
6609
1979
5581
6818
785
9104
1203
1488
8949
6414
8858
5652
5553
3860
6185
8318
8823
3374
4620
9107
562
5371
2684
7355
4017
8574
8968
4682
5929
3463
2370
6095
3786
4268
7241
718
6956
4360
8829
9607
824
5147
123
4700
6394
9111
4587
1
3892
3534
568
3280
7824
2597
2234
4221
2682
2059
8750
2838
3031
2528
8143
176
9038
4445
4784
1847
8718
330
9750
3795
1110
7608
1448
8840
396
8354
9880
1981
9590
700
1601
2266
3831
305
4090
9064
7562
9287
7563
1032
6864
4329
9503
6749
8144
5302
2158
7007
6984
634
6116
127
6455
5962
3654
3279
2498
8102
4059
4762
5065
7286
9329
4476
7640
6769
2772
2418
4484
404
4885
7901
4479
5619
590
5448
2825
1300
9443
6807
6978
7576
5699
2389
1224
7170
8331
9578
5054
6132
1948
9809
4123
5040
8419
1119
8987
512
5498
7928
6024
832
3192
5230
7035
8796
766
75
8801
9525
7319
9267
1606
904
6667
8500
6187
9568
2926
4869
1834
5874
6604
1585
4535
7240
2306
1050
2911
324
8202
13
1440
9089
4296
8433
5036
7541
1254
1892
6341
3122
4030
5919
7323
9075
4857
9421
9697
1933
8328
3592
4514
3291
7211
2097
9840
3393
1409
8132
6874
7766
4068
4035
9102
7105
8186
9533
6080
4947
4300
5409
3330
7257
4845
414
2499
3004
3552
578
1372
5061
8958
1720
1673
6268
9484
7930
3650
6432
3837
1078
376
2177
4551
8962
1421
3057
4362
2634
5097
4159
4816
6672
817
7552
4019
9624
8296
2336
5759
5777
8277
5836
5357
3487
282
6491
8571
9793
6466
2407
8608
5816
7079
8192
2900
2535
2286
6680
5678
1909
7101
1505
4533
4063
1075
1041
9261
7242
2029
4197
8981
3613
3606
3801
9274
620
9707
3839
4451
4559
4975
2695
1358
334
9423
5744
191
8938
6991
7095
4673
2070
2428
2134
8654
1582
8158
9612
8691
9890
3041
4456
2491
6394
7863
235
1250
4063
8191
3263
9836
9805
3861
8684
2561
2040
5743
2579
3843
8957
4670
3129
2415
1350
4483
8147
4998
4643
956
5956
307
5722
1070
1486
7116
1553
2542
9720
713
8208
1858
4175
565
854
111
8979
8232
7609
9897
9265
8652
2650
3226
6140
9838
6982
9983
9235
5656
8364
8756
2014
3948
5526
7117
2424
7500
5568
6315
4217
8560
7622
6208
2329
8519
317
9823
9094
3144
5341
3372
6696
309
4516
6765
5334
1572
3177
1700
5812
1139
8357
9290
9926
5754
6328
6816
1930
6889
369
3704
9636
2245
6280
98
4209
7004
130
7506
3655
6546
14
9917
6110
1432
1153
5526
5593
2296
1602
3712
4652
7030
4020
9302
5475
5129
7497
6304
3446
4402
2268
6272
4910
3374
9288
2256
3910
8663
6101
7898
1090
366
238
2650
1593
85
1432
8312
7794
5562
4360
9136
7021
3131
4328
7597
4036
4208
9344
590
2956
4808
3361
6298
3566
7784
7113
255
2526
5872
4944
263
835
9935
8306
3686
5095
811
9159
7424
1631
5137
9466
379
9312
5117
6123
600
9026
9816
4231
4423
5247
800
5452
2960
7798
8133
2312
2022
36
3643
3828
5204
3022
7187
2547
6252
3930
8150
8239
6090
943
8847
8827
1885
6181
8686
4907
415
2843
7932
173
5662
2667
7773
6468
1022
5039
8993
8764
9827
9684
5021
2410
3962
681
6387
2185
9306
795
2665
346
8402
1525
4904
8722
5372
6183
6205
8132
5379
326
652
6940
1144
6388
1095
9373
2007
7034
4432
3391
6771
4865
8986
7382
231
4441
2329
4688
4656
6274
9477
5092
1737
1462
755
2776
7580
9905
5868
987
3117
4690
5654
4659
5057
160
5888
3586
7886
1408
8107
393
5793
8516
854
9510
4461
9719
1061
5622
6584
3852
9275
2683
1702
3944
4412
7446
512
598
3340
4700
6103
5980
8154
4923
9802
6579
9298
8897
7253
5748
5844
7975
1153
4991
5179
3173
663
6421
3089
1003
3957
7422
1856
9093
9556
2589
8292
9991
4187
7320
5909
7314
9714
2015
5378
4389
9368
5838
5273
1879
4014
4162
737
7573
2432
4454
1146
8408
5720
1144
9097
2157
4853
1293
2141
3727
2141
9271
5557
8956
1872
559
9139
6992
2786
1840
3518
884
5201
6992
1839
4812
8565
6365
726
5584
1023
9758
482
5447
1185
1867
8153
3065
3677
2706
8705
9590
4325
4433
8950
7149
7835
380
6015
7799
674
1668
7201
2010
4570
1716
875
7091
1469
9240
8691
7597
9130
5833
7850
1760
7602
5149
8427
222
780
6838
4797
5947
3920
9918
2131
7120
7584
7052
8600
7995
805
3329
1442
6245
1439
567
388
9145
9648
914
5034
5117
1251
1570
3746
1599
1297
5829
402
4990
4580
4314
1874
3497
9121
4285
3523
9138
615
4182
2181
829
736
5219
6120
6545
9835
1742
9287
8855
5053
7338
2775
4797
8189
4207
9911
8034
3696
9220
2590
8450
6179
1215
5620
2031
8436
635
2636
1671
5654
4357
1921
7828
8712
5746
2930
6454
9713
2337
4660
466
5857
1344
5134
166
3531
6210
7217
7492
3125
5810
9737
8755
6483
1593
4471
605
3118
6934
8920
4366
8401
7273
2008
4586
6718
9276
4851
8701
5335
2106
1550
6011
128
4231
5618
5856
2650
4661
6079
6808
9123
8458
3543
984
5821
2474
643
200
2097
8828
3091
3523
1774
368
7307
9060
6042
4581
8108
6304
6131
9727
5229
9213
2014
9831
614
4331
4198
3143
9352
2756
9239
2086
5876
9502
6068
1371
3660
8894
9412
4974
976
76
8657
1965
7509
2353
5328
5790
6635
6180
68
1550
5975
1915
425
1078
4475
5116
4098
6124
7726
4098
8350
5889
4476
2798
5254
6294
6372
9521
4138
4860
9849
74
7137
6898
3782
2015
1133
5829
9038
5240
9526
2873
6344
2991
214
9093
7103
6526
2039
5838
7635
6116
457
8015
1178
857
4696
8261
3485
9845
2825
9124
7265
7656
8254
4650
7924
7828
985
2375
8056
8998
9660
1686
950
9758
5859
4739
4043
9894
472
1678
1649
7662
3002
2778
2619
5000
8607
6301
2589
5217
4424
2378
2405
529
6243
9992
4006
95
8936
6300
2526
2672
9271
4939
8738
1894
7642
2706
9071
6299
6104
2073
1383
691
3666
345
3454
242
6219
4976
7678
3751
7722
8533
9911
7952
1278
6110
2532
437
3623
2617
1846
4791
4179
7301
7757
7864
335
8081
9275
5794
3888
8879
2892
2312
9679
8941
2063
149
6406
4379
5176
3982
1271
8616
6219
1206
4719
244
7084
5081
8823
3933
2939
3292
3087
2419
2439
3816
4381
5414
2652
9139
3521
4254
4568
9318
9628
9536
8773
4186
4793
2648
2467
5037
5822
1096
8404
6582
6849
1826
3468
649
6508
6387
9711
4131
5954
6678
3376
5018
9572
298
8191
2020
8439
56
7551
5233
7761
3053
6562
7572
3387
979
8918
9296
9254
4708
5513
850
7127
3108
1377
2454
2404
8107
5017
2382
4860
5458
9590
9759
1232
3438
8457
1789
7307
9720
8618
9855
795
61
4280
3634
2689
1131
9401
7562
4009
3768
2408
9248
6925
2301
8529
5285
4047
151
5126
5840
7380
1900
3309
5772
8903
7222
4688
6686
8017
2640
5591
1288
7225
2970
2355
8665
6312
5438
321
6729
7021
6005
6098
5948
4778
9208
7322
6703
1339
9957
6681
1127
2449
8162
7251
9149
7520
4794
4376
7566
4180
1061
5236
496
9125
730
1010
9268
8105
9319
8147
9940
2149
2874
4579
7047
4122
3359
3987
2829
9606
7287
6162
2295
8735
9174
4385
5755
1095
1628
1358
2131
4121
9462
3659
8335
6458
6032
974
2216
1770
6286
424
9262
5107
2384
8175
6036
3543
4649
234
6639
5151
2680
1850
1930
5502
8907
220
5148
8906
9602
8404
1660
2373
6433
9213
5093
3886
4997
6696
6809
2982
5457
9314
846
897
4420
3371
1785
9521
6469
7407
8748
3317
8395
8291
4752
5988
9127
7574
6991
4163
3560
2298
233
3671
9072
7893
2537
68
9381
2056
9716
4005
1561
7609
2596
3742
8563
9156
9018
1669
1338
3129
706
9036
1856
3253
3722
3266
656
3845
9969
5205
398
1439
6461
9447
9861
1238
8452
9477
1267
8582
2339
814
7454
7262
4334
9515
4412
5855
1290
484
9049
456
793
9893
1607
7200
8646
8619
7135
797
3206
9174
628
5919
7716
6820
6054
6736
3678
6697
269
6157
663
2715
9121
412
465
669
4409
6473
6473
7587
7289
9528
2301
1676
5754
5241
7276
2402
1274
6828
181
8197
2452
111
6858
98
1560
713
1658
3236
3222
6238
7610
4461
3194
2912
5147
3677
9160
526
4724
8467
4786
1714
4327
6440
2908
1605
8914
7423
3624
1746
5146
8068
8336
7763
1465
4766
1331
3749
472
6832
6380
7565
7889
872
6956
345
9950
8954
5255
388
8972
7727
6936
6272
5072
3055
5645
6598
517
4797
3831
4047
2033
9433
4075
9580
5561
3980
8245
8563
7383
3255
118
4372
5354
3959
852
6562
4027
3291
5596
119
7892
6828
3942
9490
7622
270
6439
6065
5301
2328
4392
689
5884
1466
379
3314
3844
7565
2487
424
5876
619
6129
7109
2856
2534
3501
4697
6784
4794
2212
6812
1386
4331
1447
6339
8245
2267
6119
3354
3840
5372
6922
9366
6755
8056
6932
6354
8413
3506
3441
48
5199
6188
7113
5642
4597
4338
9203
697
3034
304
1587
4422
8561
8644
3671
4629
7179
6715
4812
3785
7676
207
909
3286
6138
6485
8971
810
8000
1944
4069
8998
2405
5678
8985
4976
982
653
7949
9352
675
5340
2480
110
8204
3263
9040
1651
1926
5331
5392
1601
5416
9903
4978
8444
5876
8610
6355
1105
9696
1668
7800
7581
6891
5069
5564
3466
5975
3429
7933
2806
851
6519
6246
3082
1766
4522
8328
3334
3041
6934
9426
9442
1342
2689
644
3399
9579
4548
5143
4058
3179
9113
7910
5257
7441
4909
5778
3524
6948
4894
561
1600
615
6499
9660
5920
8839
1826
5287
5890
2423
3003
5623
300
6509
2825
8579
1551
6538
8852
1659
1476
7448
9849
9410
3531
1767
7122
3352
4839
7041
9681
7960
8186
8103
1402
239
8427
5130
410
9785
9968
4105
5732
777
1987
2351
3970
7366
5910
8145
9198
9069
5242
41
2577
3431
1360
8549
4311
9016
86
8
9442
2985
2954
189
752
4067
3960
2946
6571
3436
7305
7549
8589
3223
4097
6786
5050
4763
6380
6804
7564
6450
4898
8777
5629
4109
3047
1975
1571
5189
3143
7581
9969
1735
2762
2663
9903
6110
8273
4168
5415
7741
9873
3431
9369
8773
7466
2814
8630
1461
9527
7353
3910
365
7740
5970
5951
7965
8647
8786
791
3191
9796
9309
814
8559
1956
2889
4968
3045
846
5732
1105
4716
1531
1939
5755
9171
6136
9631
1778
7344
857
975
2366
8938
1397
5170
606
5796
6861
7813
7461
2930
959
4924
7410
3564
5898
4973
258
8581
8735
7606
9605
34
2179
3560
3372
3038
1821
6217
9441
246
9598
1615
9907
8416
8932
384
767
7058
445
2017
9978
5102
8387
9192
5682
2630
6993
7430
8210
1277
2899
3269
3917
8655
4401
2367
6344
9321
868
7455
308
7219
5960
4900
7534
2251
6413
7809
8206
6747
4104
3038
1456
5888
2882
9261
9176
9916
3208
3348
1814
4871
7046
2689
1833
2958
2622
1820
350
3237
3717
2726
5183
8280
927
9547
3962
2672
3017
54
4293
4789
4893
8225
4031
4153
5014
4518
8670
2867
9108
3056
9553
1097
8963
7805
6176
3386
4753
3049
8184
4722
6867
7014
7853
2683
8522
1287
1800
4751
3607
2878
1490
7922
5120
186
5667
1142
8330
8946
4301
9734
9369
9292
2828
5009
4360
498
7543
1569
6348
5648
7806
9380
7341
4510
8455
7674
584
9279
6227
2978
3824
4410
7342
4081
7744
8824
9463
2678
5064
5970
176
9570
4814
4861
5895
2803
3210
3080
9552
5968
7248
963
2903
1925
9642
4716
9349
9747
4050
5022
6178
336
7676
6883
973
9284
4277
5880
5456
3858
4358
5818
1500
4751
932
2811
8291
2142
8577
1260
6582
3
733
7890
5946
2135
5223
1046
3485
8408
718
3774
8028
9872
7623
857
2083
7013
5182
1972
4936
6250
2966
5370
4186
5981
8908
9094
9769
4973
7962
9635
4024
2692
5178
1157
3743
3296
4446
1934
5272
2436
9537
8472
1767
8765
7167
1955
2436
104
2777
6140
7248
7592
8474
512
6980
9803
9141
7729
7731
2853
7141
9658
1018
1784
8194
2123
5497
3147
1046
4434
3948
8640
1369
6137
9690
4904
5938
86
9860
5130
6634
7884
9093
3988
5006
992
6079
8605
7277
8474
7156
4770
6497
124
5700
9396
3284
2065
3366
7332
9095
324
9448
3118
6273
6804
7570
5960
7286
1175
4734
9284
1475
1702
6346
4608
1444
7770
2248
3136
2733
6990
3034
7468
9865
146
2946
141
8996
7968
5515
5341
2460
4709
774
5021
3278
4926
8345
952
8362
1391
8993
9762
7581
4141
8354
8879
2136
2872
444
7513
9720
7504
5298
8264
5862
4634
4618
1774
564
817
1675
8967
6773
7129
6865
2806
2658
3298
8300
4326
2712
3875
7612
5655
3685
3326
4746
6188
112
1749
1930
6727
765
7981
6253
372
1735
2268
2305
8318
4070
6392
1199
3242
3889
5154
9963
3005
707
9468
5744
2525
5364
7972
2604
2327
2375
1010
4738
8080
2794
8123
8896
6659
2749
7783
509
733
9689
5986
2568
5698
3086
8554
3620
9893
8851
496
1486
1474
7015
4655
2198
3061
412
955
9518
8304
7995
7109
8943
2948
209
1344
1577
6587
5417
7841
7417
324
5729
5956
4687
9884
7828
5035
1706
3283
9351
7611
394
7164
4243
5168
6071
6085
1109
2257
6422
4654
7045
6748
3673
3240
5707
6245
7879
4194
2414
3316
5990
6990
1001
5057
901
7518
6803
5735
7016
8865
7695
4795
4062
8370
400
6314
8845
8465
2450
197
5411
6877
1080
9798
7749
5147
9166
5491
5485
3080
4806
8771
2347
761
5625
6855
9154
9052
966
3510
7958
4121
5264
7796
1644
1498
3616
8824
3753
352
6264
1210
6593
9288
2114
2918
1807
807
2709
4438
6488
2774
7107
5829
9638
1680
5034
6087
8340
4382
363
7459
347
2017
9481
5916
9946
2325
9420
7761
6969
4258
8800
1575
4582
1897
515
4101
103
3000
8922
8483
4500
1236
5802
3349
471
120
8814
1630
6046
984
3286
8723
459
6947
3264
610
1792
9753
510
3940
1277
6624
814
1644
7499
9804
5412
9707
4823
2343
1555
2918
4276
9877
375
82
1858
9607
2039
1993
8796
4548
7923
8768
589
3177
7005
6596
6900
2071
9037
7843
2264
1891
159
2569
8458
5072
7587
4005
2885
6992
8747
5285
3834
1057
6836
9845
2632
2143
9115
3281
4796
2112
6505
181
7108
5799
3015
5451
5240
5721
1373
6035
6997
9080
6873
5534
9567
1121
4883
1224
5250
4834
8730
225
9070
8110
3738
9180
3385
6032
105
9685
9178
7697
1960
9964
1016
4172
2500
1723
2913
6549
5390
80
5202
854
763
3478
8418
9611
102
82
8726
8189
8046
6841
879
7838
714
7526
8902
6195
9584
6453
1741
442
7064
5312
1006
7875
5019
1528
517
3568
234
7959
2951
5102
1497
5329
7082
9818
1405
832
275
1003
2259
8540
4778
5530
9495
9883
3084
6998
7961
5372
7204
5240
6086
1920
9014
5148
445
3656
4014
5222
8602
7981
8840
8997
1192
2729
3604
532
5210
4804
3822
8552
9172
5393
3018
2470
7434
1975
6392
7573
5329
2747
7939
5872
8945
4764
8277
3845
3433
3173
8102
8139
1513
5204
2671
5582
9499
9265
5999
4435
1597
6444
9559
9628
4529
8989
9210
5948
3539
7924
5769
9637
7797
9879
9221
638
7857
1396
3891
4879
377
7528
2079
8393
5591
349
6637
2832
1189
2193
8739
4983
2204
7856
5749
1246
241
9787
5436
1763
6991
404
7073
7820
6325
6041
6972
500
6484
7734
5870
8167
8879
5152
8224
5266
2833
1216
8997
5235
6253
6676
1755
5798
633
5843
3042
5843
5092
6967
1879
9245
8174
3320
13
2481
8070
3958
8007
9710
1588
6349
4695
1079
9706
6565
2649
7507
2888
6602
265
7857
2471
2499
1930
2545
5343
1447
1270
961
7949
789
8935
8751
2194
6962
5578
5038
218
7791
2770
8945
7180
7265
9382
9390
1255
7979
8685
2090
7833
2710
1887
2915
518
3310
7088
7325
5056
1993
8765
1462
3480
7442
1828
1685
4917
5681
5966
5780
6324
3603
589
944
1166
1241
8024
717
6523
7398
2738
5475
9446
2078
7425
8857
1540
8341
2490
5551
6656
5625
4154
4214
370
6399
7742
3005
1479
8049
7020
4198
5148
2351
7414
8646
4508
5570
862
477
2554
3227
2667
7367
8982
4980
6235
1922
7245
6638
9836
5340
5589
8353
675
5289
2023
271
5428
6229
7323
9526
3158
1805
1995
5357
6060
5816
2862
2362
5834
327
2420
5373
8650
6977
9451
3353
9653
225
2494
3792
8745
9394
8762
3588
2980
9666
9786
7160
7330
949
1718
7628
4805
7457
2552
2287
8955
188
736
9340
6632
9115
9669
8846
6548
1781
388
7210
9675
319
386
1166
762
9385
9947
4187
6442
3422
8653
5513
4201
2841
3788
9593
8322
5174
9228
1630
3381
9097
8140
3130
3259
6323
5297
9867
3786
8781
5137
3553
136
6273
9846
7624
5846
2842
7677
6995
8961
8436
5486
1472
2222
6172
1034
2542
8442
4465
9985
3681
9223
7610
9732
5054
5089
8021
7207
4466
7710
8261
615
7792
399
1242
5712
3754
1363
2533
5650
9880
5269
9578
9723
8737
2626
8810
365
6153
3198
3150
9686
6011
9204
9166
6473
9416
6418
5307
2173
9594
6464
51
9601
7661
1528
1540
1328
8608
3585
8353
5628
1281
3743
4413
6588
906
3809
9737
1615
7821
1356
2681
3924
1451
1638
8710
9778
4297
4527
5262
304
6718
2354
2287
5494
9633
4975
3213
3624
8920
1680
1701
2837
2245
5705
5395
2813
6341
5956
9054
3578
325
2349
5965
5367
8573
5673
8324
8159
4846
231
4388
2005
7928
7724
2665
9608
7836
3757
1110
711
837
4207
2379
3869
969
7231
4566
4844
5513
8157
494
2523
1997
8705
7686
2589
4661
9030
5367
6384
9068
944
4565
7441
4541
3315
2209
931
5470
6144
455
1964
4154
8112
7963
7079
9841
3458
751
9554
860
8028
6435
3231
9385
976
7127
1413
1197
8251
3106
7124
6119
6230
1489
8496
8205
9145
1522
8412
8722
1837
920
613
9034
218
5692
5488
4981
5392
9259
7458
9140
3826
5401
2508
2416
5181
3492
8749
1834
1442
3852
5101
7095
5858
5628
3244
4499
7869
9554
5726
3183
649
3199
8830
5240
1226
6857
2184
8283
9209
4075
8426
6281
9075
2077
5223
2074
2725
3731
8926
2878
3519
4595
3743
8321
367
5662
2904
9041
655
4855
8561
2763
3687
8078
5313
3863
2204
3680
8222
1952
8070
2562
9894
4740
9679
9822
2822
551
2838
2859
2537
6264
3949
5138
4330
7145
4116
4435
1310
6089
5550
9341
4383
1107
7037
8004
5384
1554
3579
8706
3022
5554
6420
2657
7580
3352
3541
5671
4360
3924
7505
6779
7774
5036
6997
8732
7649
229
839
7401
6865
9645
8348
4547
4716
5512
7938
1166
3563
7246
6638
6676
7272
5544
6800
2566
8694
9688
2691
7851
27
7314
8894
7604
4264
1327
4468
5210
8139
4340
1708
3567
7013
7057
5961
393
9920
3343
3473
8062
8670
1388
7516
8924
8327
7318
9151
2964
7650
4900
7894
5789
7169
2556
9294
1481
9410
6833
952
6627
545
9638
5885
8951
5194
5127
2289
6441
6460
947
1745
566
1401
7671
3695
255
8110
9752
2620
1691
4284
1085
5772
2621
8815
8367
3542
8915
7228
5797
1569
5385
9070
5468
3581
2515
315
8709
6587
5653
6686
5072
5560
3513
4424
7257
2994
8334
3512
2235
9870
950
4562
1135
8431
201
4705
3003
3959
7581
9683
482
2214
4878
9020
8656
1609
4625
8707
1816
4334
654
1107
6781
8606
8760
4963
5507
5067
5563
9296
4223
3882
7004
3793
1086
5568
6615
4813
9438
7774
7662
528
9156
2294
2618
957
4293
1448
7991
8586
1222
604
2490
3169
7869
4139
1763
9887
1212
5391
3474
3488
7270
7267
2371
2346
4975
9101
6184
5371
3016
7064
9657
1647
6563
9985
5877
7354
9031
9792
1115
7024
2569
5936
1887
6526
9777
6164
649
3296
8318
1768
9612
5289
9571
4067
526
3860
2194
279
1979
7399
1630
1179
4713
1881
6907
9962
9818
1737
6871
1607
4243
9406
8963
4699
3015
4815
5010
3114
7789
6614
155
3315
6915
5466
3005
4066
3094
5955
7345
9311
831
7725
8380
1681
7441
8379
9330
3653
8127
341
7457
5695
7804
1392
2084
5964
9742
3937
1054
4032
3865
1170
6170
1956
5605
9260
2677
9595
9549
3449
2588
7473
838
2514
6739
9769
1242
426
5887
1981
6156
6259
6862
2744
3365
3385
5791
6874
4395
6830
6792
7255
4452
3292
1148
6422
7570
1778
8956
4836
9412
4069
2499
1738
1374
3294
8223
6210
6130
5787
2029
606
6550
6092
885
5886
7077
7490
2215
8511
9027
740
1412
1593
9082
1891
6949
8739
3246
5903
2016
7637
6946
6664
1424
1892
5603
5477
2556
3779
9048
9543
9579
7672
7386
9101
839
3754
5614
6975
376
4265
9164
7004
5839
15
2817
8551
6729
3225
1008
2685
8881
3807
8355
1915
3330
149
5485
9390
334
2181
6697
5425
2209
4044
2804
8854
1841
6041
4634
8242
7279
706
75
3317
6633
5824
327
113
1672
7987
9050
4250
2960
3933
1482
5554
4158
3275
9287
3793
8193
5490
855
9660
3424
6065
6148
7380
3606
1549
9716
5280
1516
951
5531
8516
2419
1344
2456
3772
220
8910
9769
9192
6095
2679
8006
4073
6679
7204
1594
1914
6472
2075
6204
7303
7033
787
5593
1817
3735
8760
9809
6634
9375
531
9058
9847
2796
9099
5299
4652
9799
6151
6655
480
3095
597
8135
2935
7847
4159
5817
9967
9383
7037
642
1074
134
3725
2286
3565
3506
8874
3182
4867
3438
5767
7703
2748
9755
5496
1768
5906
1045
3140
3669
5856
8783
8435
7809
7293
8652
2271
9204
8179
7675
7133
8118
2702
8591
9095
979
9933
6171
1380
5870
8523
3690
4630
8291
3119
1592
7007
5673
1295
4542
8068
7137
735
7531
3936
8395
5196
6472
7699
346
4318
3801
8218
3941
6757
5007
2559
3161
8291
7737
2111
2621
6585
1119
118
6187
2100
9334
8847
8286
282
38
7881
123
3606
5307
1154
8884
3306
9931
9246
9196
9715
9582
5168
2615
6988
9213
6474
2697
2721
264
3792
344
5448
3820
6121
6553
3346
5639
6162
7419
5617
8186
4777
9324
3932
4214
2256
587
5112
6245
5479
9567
7791
6374
4314
8155
5167
1234
7628
3960
3168
7658
9106
4054
8371
5598
5790
8109
2801
6226
7704
8993
3424
4760
5201
4447
2549
9529
1828
4337
1637
1084
4352
4149
5083
7735
8378
6905
2419
6781
7492
2465
7088
3953
6243
5322
7448
7073
2409
9394
974
3785
2017
1111
5790
7394
1334
101
4571
9244
3682
180
4660
921
5322
2020
4769
4590
3896
2870
3065
5217
4960
8010
3598
4112
6966
3220
8066
9283
2763
7523
7719
4393
6119
632
5855
4804
5093
178
4786
6112
165
9579
2417
7885
3966
8650
2691
2899
1159
5532
960
43
1592
299
132
7310
7158
7773
5869
9787
3003
9450
9500
6431
6679
2241
5397
8522
4620
4735
5556
2180
3964
101
7828
7115
9106
8415
5885
3818
6639
171
8329
1876
9363
7091
1584
2729
9884
5897
6224
1269
7023
5726
9176
2000
3702
22
4920
7117
3280
9384
7221
5840
2410
2628
9196
6615
2421
9604
3602
6371
7921
693
7101
3925
901
4821
1963
7851
945
9857
6180
2642
7321
6757
8275
837
6713
1532
6244
2931
1153
7173
997
1358
4292
1043
3429
9608
573
1932
835
2612
1135
4948
2757
9970
2237
1748
8544
9244
6942
8207
8932
2650
8375
1567
1763
6731
3433
4368
7591
1304
9032
2974
4378
928
9154
4433
1751
9386
9823
6548
4348
5294
890
2552
659
4840
8046
3578
8512
5856
5818
9239
783
5974
2507
9059
5328
6438
964
5248
1173
2302
4908
365
9034
9202
9109
1783
7915
6666
3147
8544
1192
8031
2705
5212
4892
7397
9391
1606
8121
4806
9930
6933
611
1829
8257
1766
5148
1098
9472
1572
3282
4947
2975
1016
1210
335
3144
9177
8910
9445
9862
1966
9744
7968
7935
9547
9600
6006
3965
3348
4339
9674
1596
9399
1827
5080
1245
2123
170
151
8365
5508
6876
3945
5119
6574
4637
7532
3924
9492
8184
5348
7739
7323
3216
945
1211
2408
2825
6520
8844
5678
9001
1293
1157
9831
6841
9832
7549
1218
6888
7756
4976
549
6664
8914
4910
3045
5916
5077
7103
4595
1350
6490
7626
1598
5698
9164
367
8707
2845
2754
5719
458
5455
1039
7528
9946
4021
5542
9567
55
6612
1698
5748
600
6702
6112
4100
7685
2431
2885
3124
45
4401
6822
564
756
667
1352
8872
1727
7012
9470
8651
2680
7720
6624
1260
5940
7163
5618
4388
3313
5248
4815
9909
1538
471
2670
1616
8378
2745
3537
1533
2285
4421
1985
7411
4755
2027
5434
760
5962
3087
7845
4306
1092
2128
383
95
6929
7446
8529
4666
5606
5573
8907
5660
5292
3476
3313
5054
5522
9500
1822
7783
8341
2802
1671
954
5056
7621
3690
8069
2419
3084
3461
4707
1343
1480
70
7023
5898
7899
1397
1981
242
2007
1152
8854
6412
8322
9596
4671
6421
4818
6781
2537
8020
952
4468
537
4630
5266
428
760
6458
9603
6776
2473
1608
1695
2146
833
3151
364
6115
2715
487
7894
3028
4174
1143
2309
1624
9884
2158
8202
6241
3480
8607
8513
5216
9171
473
1274
2148
9165
8102
4665
6106
8564
728
960
7571
9181
2253
4959
7938
6417
3318
5272
1723
8825
8996
7521
2292
8258
6991
6934
3866
9624
2060
4068
4864
3159
8611
1481
204
8901
4866
1059
3100
2526
8845
1379
91
4134
8483
2038
6593
6672
5686
7152
4054
8703
6820
3408
4003
7008
228
8980
8689
8110
4714
8358
2818
4213
1610
4767
5978
8314
7078
6174
723
5237
533
3128
7039
239
9775
6659
9881
4475
3277
2292
2878
7084
5374
1881
7901
6984
621
8386
7159
3522
9469
9996
1800
4076
8592
9085
8538
8409
5699
8337
3733
4147
439
1098
2615
5069
171
5539
9782
4094
1771
2472
6019
5806
8404
4894
5599
9173
3243
3179
7677
9692
491
3674
5198
1635
7735
9987
4808
5275
2647
5649
1655
1024
1412
4054
3683
2286
5767
6526
1053
1444
601
2270
7671
8948
4206
4534
3409
3686
8877
5772
7642
4000
417
884
6918
2549
1288
1644
2238
5026
3620
7332
4269
2202
5139
6278
8061
7194
3156
556
2342
4953
9213
1338
2322
9012
9708
5608
9069
1261
5899
5855
2990
4188
39
3124
3744
1358
3087
383
3959
1223
3416
7553
9577
1317
5281
1723
5310
4799
380
6119
9780
8933
5826
9176
1170
5604
7036
735
969
7250
4664
5807
232
7666
508
7613
183
6112
8550
698
6461
4815
3757
1775
4291
4559
3109
665
31
364
378
6218
3090
9446
8691
2407
1036
6620
2588
7930
9886
8112
4392
8587
1001
3313
8035
5506
5828
5480
7199
3786
9751
6562
3612
5587
6807
8411
5636
8849
7648
2465
6928
7836
4193
2677
9853
4557
5779
1922
8608
688
3204
414
2548
8138
9089
5790
1079
2604
5201
8380
7667
8566
19
1973
2015
6044
2685
9895
6253
9141
2702
8548
3098
3897
8307
5805
1407
8322
216
9523
7255
583
1653
2323
6732
2289
9986
2344
52
2569
115
6089
5203
5209
4815
8737
3395
5505
2626
9316
7864
5681
9647
2986
2192
7728
7552
362
4263
351
6539
4266
7178
2346
8528
7595
9061
8154
2925
2114
9517
2636
4525
6868
1690
1160
697
6649
5389
7971
2952
5508
8518
531
6133
7637
1200
24
7054
8116
9401
8521
3221
9011
2586
1458
1419
2073
3052
28
5426
7939
2874
1825
1879
3078
8146
9667
3414
47
9172
7923
8585
3575
9551
2825
8803
4896
6743
8311
3548
9427
1631
1704
6447
8308
4824
4233
6448
2685
3014
9798
327
662
9572
1656
4976
800
9740
802
561
2746
2274
1658
8522
5137
6211
421
1580
3259
3515
8905
6483
4125
5857
2053
4016
4588
6441
413
4986
8930
5924
9831
5335
5943
4797
9360
8313
1956
3298
4990
6749
5462
3908
1133
3817
1073
801
4050
6462
5373
5244
1379
1622
4877
5834
9772
1767
6838
7763
8251
2889
6876
5815
8383
5059
3557
1672
3592
2946
8924
7318
9032
1271
5747
2783
294
8060
6767
8311
3967
6809
8595
8124
5526
7150
3055
5424
390
2491
1786
5969
2096
2225
5659
665
7496
5559
9206
5954
2647
3840
1659
4472
4632
8269
423
7438
3920
352
9851
4547
9101
3136
8049
6773
818
2273
7104
2365
4543
7347
7581
6659
2491
5499
6468
1775
3400
1380
8827
3231
5167
9721
7317
6623
9422
9398
513
9053
8959
788
445
6779
8707
1406
2183
2673
8373
8327
3415
4521
240
9775
9975
7928
8752
2386
4045
5660
9412
5098
5392
8621
3360
5431
2365
2329
485
8991
8670
6780
8366
8432
3912
6861
6514
3818
825
5126
5415
2374
9691
8649
7648
1919
1003
6937
4055
8959
678
8427
1335
9357
8223
8965
8709
6782
7209
6859
387
1729
9110
5560
7441
1792
6092
6875
7378
2096
5740
4690
2239
3315
816
1654
6357
3540
172
8990
3033
9415
2697
2665
5363
1411
4792
7529
184
7910
3305
4695
5694
2805
43
6449
2668
1812
1047
7265
6428
3287
3684
9137
1673
484
7228
4351
5167
3427
8133
9098
1856
303
9462
6829
8478
171
5031
1199
4963
1126
2786
4550
8002
589
8609
9436
3050
7335
1313
7468
721
8047
1966
1891
1040
4758
5781
7726
4354
3323
2866
6059
821
7259
4863
7124
1349
5736
8138
179
1631
9274
575
6872
7463
1795
8301
8768
3951
3089
634
9051
3393
1429
6500
2984
6624
2157
3122
1691
451
4330
8364
9027
9441
4226
1315
1888
3737
1440
1882
188
5907
577
9009
3855
8808
9147
8906
772
3428
167
9215
1345
303
6186
2363
2497
626
9952
1556
6351
3519
5833
5813
6582
4029
5188
6246
8481
2391
8395
4414
7156
8848
6000
4952
1950
9875
1542
8930
4179
1077
9002
1456
9585
9191
8545
6853
6510
638
5261
7417
5757
6927
6914
7273
8308
7794
8397
1095
2664
1451
2523
8568
4423
7564
9096
9421
6875
2629
6725
532
2941
9363
4845
6212
5533
1321
6513
5044
5546
1594
6160
1930
4167
9624
266
1862
8860
3419
3099
2808
491
5347
4110
8671
2435
8432
8362
9700
1121
6699
6444
6959
1560
7461
5749
9517
624
5640
661
7843
5524
241
5283
4594
4812
914
8611
4434
4538
8159
8770
7828
2687
4201
9836
9849
944
2808
2092
3961
3969
5386
4122
2468
2903
7597
3039
9846
1598
5419
7415
2546
1202
2099
5925
9038
1147
7737
3615
6763
2361
1416
6833
8592
1536
1724
7319
9834
3701
5243
5737
8388
3992
4206
5023
4771
8533
3880
4299
5846
8632
7412
4848
5899
2124
923
646
1395
616
4435
7306
1225
1637
4843
4900
2523
266
5623
2160
3270
5657
4188
1744
6783
4068
1902
8916
9954
1520
3645
8845
6591
5973
3499
971
9646
1071
668
2379
1176
911
5037
5985
6979
8036
4916
3487
3528
4933
492
7481
8520
2657
5216
1925
2701
8893
3980
5242
9915
1776
1289
5706
4318
5081
4843
4527
8594
5005
9952
8025
4631
8731
8028
6650
8647
161
8035
5255
5987
8806
3221
5964
6973
3641
6730
2301
4058
4984
8725
780
2298
3869
4606
4100
9675
256
8535
8274
1164
8515
9015
4561
621
1040
3626
5904
7498
8626
8101
6727
1250
9250
892
4395
4850
5337
8174
458
254
3195
5730
9815
2920
7345
3631
6418
9463
6777
6747
4786
2455
9770
9186
7647
8992
8835
3561
1376
5129
7617
6614
2524
6632
7114
1181
706
7509
9464
753
5402
1794
3723
6928
6799
702
9553
1972
3695
6881
1532
8382
4736
9790
8959
4845
2723
1434
3391
3342
5637
9648
8977
5252
2095
6904
8614
5256
3511
6257
2420
638
9911
2401
3620
104
1520
5106
969
651
3594
4274
6162
3225
7691
780
9244
7886
8619
4862
5036
7043
2609
4349
8769
965
8937
8292
9719
3179
4152
7650
7493
4685
5388
3645
6801
4934
6772
6061
3016
4442
883
8371
2683
8594
5403
3881
205
4677
3650
7277
4402
4569
6495
8906
6354
3560
2331
4964
3031
1810
1237
5304
9543
8644
9216
2050
6553
1499
8514
6397
8383
708
412
8030
1632
8485
7599
1446
3789
5529
4230
6135
6186
1436
3178
3041
5959
5790
1568
8033
7178
5199
7686
4201
2210
7872
4611
8725
549
1320
8537
6779
3852
737
2596
4488
2698
5231
271
5286
2753
6651
5965
9223
5412
1049
4151
2715
751
5941
2678
7043
8692
7495
261
7493
7608
548
2975
1473
8356
877
9637
3134
5622
3586
1386
4098
7852
3645
6470
4723
1614
4620
7267
8021
6188
9471
2927
8808
9413
2919
7658
3968
6395
8341
1622
5814
8521
3388
8751
9420
1438
7636
3273
6587
7123
2411
4755
3579
6989
7676
9593
7151
98
3340
5447
3573
2968
2701
3955
8294
5207
3843
6198
9706
8287
775
4857
9080
3102
9850
6774
122
5678
8575
9737
5888
9347
3310
7673
7754
6059
9554
9179
1088
9087
3505
5327
4861
4313
6453
4035
7934
7557
4127
9918
3068
926
1634
523
799
2070
854
2125
9200
6378
1208
818
2348
3663
6660
7585
9799
7702
1443
9194
1735
9059
4564
338
9666
9145
8426
6238
447
6113
67
9084
2281
1319
4451
6196
4882
8407
7994
2489
2442
5772
7116
4973
7270
7149
954
2390
3985
4383
9596
8829
9035
1046
9182
6130
7943
5512
3082
6318
3200
7328
3939
1847
8975
1299
4855
8503
4940
9554
9247
3002
434
3036
7962
4983
1875
400
9141
923
925
4028
994
5784
8222
76
202
6666
7688
1847
8923
1630
9383
3528
1573
5968
4676
4417
8473
7666
6099
2109
7189
3608
5676
6801
4026
8131
9745
7866
7459
5928
5314
8157
2510
2064
2887
1119
113
2832
3308
727
8261
2548
1694
4487
2451
3045
9810
5321
1330
4545
9302
9028
9709
8913
2199
155
5227
8858
1741
661
6779
9538
6176
2518
2549
2269
530
7537
3006
3541
6489
5133
9500
6377
8522
1493
2292
5244
5184
1644
2750
176
8117
9315
3218
536
7688
8159
4645
3936
3446
1896
6438
1255
9605
227
5203
4383
615
2027
9042
9336
9568
7207
1907
3768
2624
3930
8138
4523
5993
8391
756
7816
8046
225
8368
1965
8095
7854
4553
129
5090
4490
582
8433
4013
7397
6899
3067
5131
77
1410
8486
1396
9516
2889
7642
2311
8341
5943
4368
8304
4816
9971
7478
8327
1961
8254
5910
4767
773
4936
4365
3985
1504
6998
9244
7874
1272
5552
5449
1642
5903
5799
5603
5716
8812
7769
4596
5128
4
664
4015
8053
3815
2012
2976
6244
4868
9141
4155
4055
7951
4522
6393
9454
8956
8455
8168
9964
869
2216
9415
8854
902
2348
2734
2022
2286
2058
8827
4035
7008
8844
5180
2544
3807
8404
1467
3933
9132
3665
9913
9444
7428
4302
3959
264
1142
6543
3967
2107
106
5230
4401
4660
4601
120
2970
8939
6336
6236
8544
6091
6818
3701
1291
4437
3119
5967
5490
7689
6977
6554
2678
6162
4268
3560
463
4560
8467
8009
164
4425
3439
6872
4684
6706
8096
4060
6550
81
7819
3020
4883
3632
5351
2720
9213
8246
6871
4722
7506
9770
7364
2835
5582
8305
3065
8396
5135
2292
7756
3593
8025
3071
3998
2508
5172
5441
9
4456
9460
2430
7815
7149
3328
7955
8550
7737
3474
9328
6359
8294
6943
2706
3186
8552
5244
8454
2951
2749
5689
149
5085
9374
2025
483
4218
2244
9696
9680
4931
8908
4539
7200
7886
7650
7622
5500
6454
7525
3003
5384
943
6807
9731
6107
967
3973
4127
9798
5108
1931
3500
8992
1098
595
7847
8123
8981
5074
1798
4652
4366
6785
5087
3203
8837
2618
6184
6530
9770
2887
346
449
2432
2288
349
5968
3056
9309
5389
746
2775
8643
1262
3782
8835
8016
2840
1721
1240
5532
8028
2566
184
6190
961
2728
1971
6493
1026
6315
8945
4243
3406
1388
1964
6566
6365
6473
2329
2922
238
2053
3765
1503
3162
6017
4045
6735
9013
9025
166
2841
3728
5664
566
3425
7184
9901
2856
9830
9174
8811
5742
1713
9663
6888
9396
1672
5471
4306
9385
2042
7787
6435
5463
6075
7536
8657
8020
7542
8502
34
1773
2568
1330
1772
8451
4950
5043
1556
7581
1580
6569
2842
7308
7711
2908
8953
5183
2741
5033
5456
2236
5978
7403
689
2347
8390
2043
3561
2905
746
1557
9757
2057
766
1141
2366
2480
1848
5700
610
1510
3863
4503
784
2746
2028
2468
6899
4771
3411
4123
4522
8519
1828
3562
315
5992
972
1329
1417
9531
2520
7018
3441
2631
631
4639
3124
451
6791
6289
1924
556
9243
8519
9747
2193
9424
4938
3847
5474
3725
8069
6524
177
2698
3210
6630
7581
1370
7192
4174
7731
3732
5289
4329
8858
1652
258
6981
5261
3493
8523
677
4926
501
9834
5248
8384
9712
8405
5720
5863
527
5489
1204
669
8409
5603
6391
2912
3172
1247
9971
9163
1287
3823
3895
486
1259
1685
9689
3350
8687
9796
3234
5389
2918
9254
7407
730
349
9181
2730
7649
370
7836
9837
4661
8715
4673
3913
9915
9540
96
571
2635
1967
5097
4594
4788
8973
8650
7871
5658
6575
6786
514
2033
9042
3592
9616
1892
1524
1027
3384
68
4910
1436
4534
224
9010
3873
5688
8653
9229
2991
1294
1924
8764
7093
5101
2185
3059
211
9580
1062
5797
1562
3863
5528
5968
4579
9728
6845
3744
6889
964
6769
8806
2032
53
3531
8546
3536
7505
3839
5117
1997
3447
6101
9719
6271
8060
4394
9675
555
7355
2332
8897
184
3416
880
5113
286
3735
4458
7920
3114
2534
5192
126
1823
8103
6056
1146
725
4068
9842
5228
4666
9253
2349
9263
3054
323
5055
4522
7280
3775
4572
4278
3807
8976
3697
4489
9035
1953
1564
7959
6194
424
8458
3245
9007
4149
4271
8413
1587
1115
8196
6259
9197
9288
1293
2051
9804
5701
2866
6996
2190
9522
6168
670
2285
3372
8946
3482
5816
7699
9531
5853
1981
6232
9754
4242
9817
6724
1841
5444
6211
38
7612
9602
2101
2407
4814
9307
1299
199
7222
6837
4588
3926
2238
4093
275
8339
2207
125
1207
8477
3334
9260
7424
7312
9215
8803
3070
9229
4324
9046
5973
5004
6488
9873
8375
8183
6376
7649
7714
9771
6344
3277
7063
8038
580
7318
5841
2877
3447
873
2786
9657
3130
1598
4792
5773
3308
2621
7202
4243
6366
8445
3397
2567
7917
5937
4156
1829
3845
438
97
553
7919
6697
3781
170
115
1829
1554
4130
3264
2880
9047
657
8331
4632
8409
9970
6723
4301
9810
333
1400
8502
4506
3798
7197
4430
1900
1639
4817
1616
8352
1618
2232
2771
1282
3966
1836
2292
8101
745
1659
8775
5817
3627
4167
3559
3874
8498
6751
751
9694
1354
3844
5423
3676
8894
1842
5790
8039
8915
4434
2034
1709
209
7803
9122
1763
8947
2258
3508
383
8752
9287
3931
5174
4628
773
4600
9799
6690
169
5091
1397
8261
3794
4974
986
4303
4091
2777
3146
395
5709
8301
1713
9494
9517
4462
8875
3574
9360
9886
6126
9923
1221
6252
6861
7313
4748
5082
2028
5606
2632
7048
2251
3409
4226
3194
2077
2341
5919
1501
4611
3193
2348
4113
7695
8801
9264
258
6009
804
1038
7397
6973
2646
3215
8439
2199
9111
3235
6033
373
3531
550
5857
1909
7371
691
9607
503
3315
6543
4949
1795
2226
4074
4099
4753
6367
9070
4870
7094
6146
6048
8044
2098
5298
454
2765
510
9909
490
7265
7841
9967
5475
5667
4393
8231
3513
2933
2583
133
2436
9005
3707
143
4446
153
4232
4584
6736
205
9880
8217
7456
6821
4307
2104
8826
8361
8029
3230
6958
4963
2356
2127
987
3434
2631
3401
2486
9306
4757
5434
9836
979
9161
9765
1183
274
6699
7739
3969
868
1734
1798
8583
1177
8638
1517
8670
977
9316
9920
838
1775
998
3932
2078
9325
5502
3925
4070
2980
3437
1198
9752
638
9446
9004
8987
9904
7425
2255
7017
5815
7932
3395
1453
2979
3465
7080
1044
5268
1179
4322
2164
9397
6725
7502
7039
9618
7374
1282
1091
9551
7365
874
5479
3718
3491
8309
4864
5763
4360
9449
9806
2497
2444
9290
7743
2975
4108
796
6483
9566
9090
2967
9370
3660
7601
7150
1838
2101
145
6697
4937
1659
2460
3991
2605
7963
5537
585
5946
2193
8616
756
9573
3515
1231
6101
2224
7756
8928
9003
6255
3151
6093
5749
8367
2123
8527
5880
7014
3978
7787
2944
252
7211
9178
3281
1522
1639
5291
3636
9815
9992
7442
5494
5000
5770
8036
3836
8717
9218
7936
731
6126
6038
4229
9609
4113
4157
5469
4377
7055
2259
3382
8657
2141
85
2360
4298
2434
4569
602
5086
7323
7749
9703
1090
6853
2112
2668
1455
8531
6528
3893
8589
2616
1236
8447
4714
4686
3532
2187
2502
2283
6671
8669
5133
5858
3353
3590
7538
2867
1653
2624
9817
7918
5689
3859
5839
1111
5493
1802
4920
1415
585
5919
2113
1761
9542
3021
3144
7856
3509
9464
3289
3246
5052
6079
5639
9010
4983
6046
3055
7681
8895
3482
9900
7460
2004
8447
4136
4606
5612
2265
7756
9011
984
5590
3655
371
6798
466
67
157
4424
6828
9435
7592
1253
3281
7222
6253
6059
1854
7583
1577
1924
6435
7024
8550
1696
5049
4228
3153
8073
6826
4105
786
5477
5543
6739
9793
3681
2957
7430
8462
3777
6792
2296
9463
5541
220
5010
6485
1491
1942
4155
4109
7030
8549
7431
3348
7913
3784
8456
2188
6028
2490
4286
2496
1936
584
6934
2163
7969
6239
127
4049
8821
1573
3383
1372
7493
8661
9025
2551
3232
8392
4220
7192
4677
5856
9346
8899
5783
1279
5996
9903
4332
1290
2848
7122
2818
1288
5224
9179
9323
6047
4694
9181
1649
2325
8354
8597
1402
4223
3484
3432
5984
9296
2265
5113
5538
1022
2908
4947
8761
1146
8111
2877
6194
3574
9130
8321
2126
101
3877
3344
6556
7023
483
6171
6783
866
3506
6056
4179
931
8609
8950
5416
6106
2932
7040
9014
3518
2603
4268
7456
6966
5886
4217
2320
3797
312
6375
4875
9947
4815
1743
7415
4130
3347
8960
1257
3908
4774
7699
5745
8248
4932
6957
8876
3493
636
2033
4262
2279
2194
5488
979
7762
476
4185
2576
8817
6981
6635
9048
5328
479
2289
850
6566
1817
7187
7216
9783
9224
8388
1940
617
104
3039
8602
1695
1690
6553
3723
872
2156
8401
773
5983
5855
3340
126
8677
1178
470
66
5932
7205
2491
1796
4186
5792
2759
6989
7672
9043
8286
9919
9509
8200
2712
7439
1373
8918
4469
9142
5165
9602
1796
6958
7978
4049
8170
8090
9905
6961
8716
7750
2733
1084
710
8442
6412
7710
8929
688
9338
8036
9737
6053
7955
1521
6117
7045
964
8773
9573
96
3490
719
3780
7159
6975
2892
9223
8690
1297
3457
7619
5777
6595
6341
9920
2008
3652
6240
1861
6294
3347
623
6655
6331
7592
4912
5217
8613
6536
964
586
5021
9311
5701
4597
7855
8566
6262
1748
4905
2218
424
7285
3654
9376
6196
3965
9027
1216
2456
4710
2241
1803
3330
6407
9257
8206
2557
3499
6075
4138
570
8672
4735
6386
6175
1951
8211
8673
6829
8828
4618
3383
6305
2627
1170
7531
6240
6327
6110
5732
8524
4187
2508
9576
8781
4198
1254
9765
7295
8165
1820
4659
2658
7438
8465
6440
5137
8831
6414
4038
1297
7010
7266
151
8780
6814
5367
8219
296
1374
7228
4058
8878
9636
4202
6022
2195
9956
4563
6969
2415
4832
4907
1174
9404
5456
2369
9325
9383
3828
8517
5199
8151
4446
2993
8322
7830
7214
9998
7900
8800
8132
3487
4707
3906
4603
7654
9224
383
7715
7643
6286
5979
4734
1775
8806
9713
1266
568
5686
4439
3964
9771
1962
7897
1527
4298
2417
1292
3843
7492
3442
9655
6532
5402
1752
6132
914
8997
2712
3237
7501
8071
5494
7612
4410
9459
7073
1335
887
8666
2134
1995
8
8466
1388
5810
4012
187
6480
2912
316
3416
5729
1612
6180
7671
1253
8896
5241
5260
4695
7725
9719
7945
5722
7819
7909
1299
4743
5489
7827
9774
8904
9836
4303
2269
8267
7178
8670
2824
7363
2906
7291
3439
5755
138
7614
6452
162
7532
8176
1958
9790
4385
2033
1779
5992
9790
1480
5159
7192
3978
5590
3041
21
4269
1085
7062
8096
5041
1409
6677
516
1011
8412
2796
3235
5778
6061
9141
7750
3057
5804
3174
3243
6326
8757
6911
258
3703
781
4133
6250
8810
2690
4677
5977
5064
9308
8276
2560
443
7916
173
8284
2049
8764
8246
7706
5030
7699
6641
9512
8349
3777
4149
7672
709
2733
6396
6951
3534
562
9762
2561
4314
161
1477
8881
2877
7961
4733
7509
5170
6788
9850
690
3979
5818
2538
2131
3713
8416
8146
3593
6827
3882
6372
2281
2757
9721
4412
1011
6365
6873
7746
431
1765
1562
6847
137
9186
3899
4986
3438
6995
5166
6999
8734
8452
2876
1376
9001
2836
5072
8407
9700
3634
3117
5163
4598
2233
5280
4156
8443
4182
1754
6157
5189
6501
5492
9330
608
8721
2157
6150
8463
7425
6875
6823
177
3873
5019
2880
8940
6968
9256
7514
511
9322
5263
9770
4698
2446
4155
8249
3342
8196
439
6153
3031
7537
593
3630
3275
4396
8778
5245
3801
1944
3053
83
7840
953
7556
9548
1808
5102
3544
3169
5608
6026
4954
5944
1935
1740
2164
1629
7444
5636
1050
5186
3381
9690
3070
4142
8414
4744
6130
3031
1750
2756
5289
7252
384
770
6968
2717
306
4033
267
5462
7874
6154
4249
1039
4169
7491
575
6963
2165
9063
6791
2723
3742
8197
6690
971
1249
3841
733
350
6164
4029
1257
5160
5612
5320
4360
9534
6078
4222
2762
4147
2420
3564
1708
1594
9495
2595
3001
2535
3141
8174
650
8453
7049
5832
5300
8462
2134
3745
3580
6960
5435
9641
2852
6147
6254
578
1402
2406
8313
8162
9134
8414
8002
7244
3963
3421
469
4472
4777
2654
7268
4111
2597
2998
1521
2529
7831
6220
9203
9424
2958
2874
7969
3421
6820
9716
8259
2053
8786
978
4852
1253
8518
9169
929
7500
9786
4193
842
6550
4846
553
2244
6265
9276
1133
3022
7498
5811
2644
3546
6188
9769
2197
164
1898
7899
6680
1585
2846
7160
6584
5788
5170
9839
3807
1487
4631
6666
8533
4783
2266
147
3788
8615
1585
6204
7496
9904
3843
3374
945
6873
9622
5356
9468
6896
9541
4449
5812
3495
4204
585
9213
9574
3728
3067
3486
2851
113
9881
5602
8612
1557
2499
2139
4305
6383
2475
4795
366
5684
9772
7675
1676
8017
1824
8492
4484
6504
6593
3000
4342
8581
2483
6976
1619
1258
2983
2908
2501
285
4066
9187
5023
9858
7983
8012
1667
640
7947
4531
2309
7777
4376
3748
3904
7299
4862
3681
6181
8872
6842
2892
5862
5187
4076
8064
5404
3469
5436
2585
6140
2522
7293
283
9819
9588
8827
9336
7021
4815
2946
202
5688
7629
4200
7974
8118
8466
9062
3893
145
1400
3239
3050
1966
8056
5342
5212
6070
820
6100
3626
4106
3924
7635
2195
1135
4152
7795
4965
2691
9149
460
3023
7361
120
3899
3075
5163
7515
5747
8769
9923
2768
4989
596
2031
6590
8455
2666
6533
4395
1738
5000
294
2494
2243
8110
1171
4434
5068
2580
1554
5474
839
132
8452
4623
8282
4215
2337
7875
3289
7568
7422
3311
595
1369
6690
8626
3738
5639
6085
4258
3961
3322
3569
821
8918
1193
416
7788
7629
9091
4073
1519
8992
5310
4194
4621
7325
27
6050
5341
9936
507
8397
5273
8492
1571
6123
5986
8108
2277
1493
339
5485
5123
1679
2261
179
7176
4382
9532
1148
3527
7843
7716
4077
2187
6292
9826
3675
6134
6993
5500
9125
2603
421
5550
181
1916
849
2539
6022
8127
609
5790
8894
1625
7676
9620
9844
9441
2825
6947
4370
2452
9629
6506
1712
9962
7770
798
2667
1177
7806
3671
7316
4
3370
928
5870
4286
5017
4751
2926
3090
8470
2861
7898
6020
8828
6332
2092
6613
1482
5767
5995
7852
9911
4148
8662
1607
325
6070
4827
5341
3243
7327
4307
8832
2396
5836
2599
874
2196
4749
1203
891
5898
1267
1092
3242
8039
144
3044
2642
6294
9173
4063
7542
9919
5023
36
4591
4187
1757
886
1378
2835
1034
6056
6515
3411
2583
4881
5843
3665
5871
8617
1041
613
9058
8221
2243
7762
9301
4828
9400
134
9290
7846
8066
1181
8443
8991
4082
463
3684
9289
8136
6061
3881
6
5633
1060
4107
7838
9467
9209
728
9264
3297
827
5984
8931
771
6416
1217
2158
1756
2041
1176
2220
95
7559
7954
8923
8667
5999
1999
6201
6579
9
9410
2908
249
9204
9216
2828
4790
402
1756
7015
4629
1355
9374
4035
2641
7303
3667
1402
5177
8943
9327
4563
6332
9793
3149
8168
8563
724
8298
8022
8318
9547
8045
1140
4752
3894
331
5590
6771
6409
4278
1469
8678
2211
2492
9273
7515
19
8464
2153
5807
9886
6654
4132
1904
2536
3968
7197
6327
7516
5236
6395
6633
9984
2032
3531
5189
8858
3736
6871
3934
2262
2055
6396
7723
9719
5419
1568
3171
4379
7641
1307
3058
2767
5995
3948
7273
3906
7509
8315
75
4545
8656
5716
10000
2238
2864
6685
3109
3467
2316
5564
2524
9669
5346
684
7142
108
8413
7789
289
6826
2133
9629
4700
3558
4096
5185
3626
7517
7330
7857
9191
129
2199
3140
8116
507
1213
2797
1898
3224
805
4343
3153
286
1463
1790
2376
5628
7780
6009
9716
9347
2959
829
4443
8037
8113
4050
785
7022
5263
887
2535
94
4432
1098
421
2426
9366
9986
5617
2739
3528
7797
9948
1527
7831
1683
8391
3140
4246
9266
2244
894
4904
3135
2032
6013
4601
1171
7601
3160
5713
8393
9169
7618
8459
2301
7132
1739
6150
5104
336
1207
4645
3062
2207
4839
7540
5294
1638
5227
3826
1820
889
1295
2698
3362
5829
8060
1012
3480
4854
3289
2469
6984
1555
5589
4042
7250
2758
3465
4369
9072
7984
384
897
2963
8547
6503
7405
1462
4526
3798
1189
7918
5666
7675
9701
3485
7904
4741
9688
8600
659
3434
8012
1090
1281
1458
2227
4248
2133
1559
734
4690
2671
5073
6850
1642
3553
918
8520
6382
2370
6187
5531
3048
856
3365
9083
9714
1623
8338
4353
1726
8362
2820
5314
7660
7263
4597
2454
1910
8939
9086
8295
6969
9538
6095
2635
2693
6932
6402
9317
9552
2867
3761
8944
7704
4796
9324
7505
4062
1734
7082
9110
5013
6939
923
2155
3351
6464
6144
2181
4173
6727
877
1371
5946
6088
5769
4201
9804
5157
3470
1121
2219
8052
3021
7281
3640
2140
8053
1303
8424
6958
1879
9934
9461
3901
7003
7922
4239
7107
1362
9003
7802
2452
8708
2983
2010
6029
5895
6048
9881
5626
5636
6210
8330
8761
9206
3530
2635
8645
12
5168
1139
5072
5540
8664
9295
693
2145
2918
8003
4385
4492
5267
2401
2489
8951
4787
3725
5608
8229
6479
8692
3305
2698
8366
7975
1597
2395
3684
7751
8437
2534
3326
6074
500
4508
9504
8857
592
3809
170
8630
8677
6106
5199
2929
1165
2752
9503
8150
2449
7459
5342
8998
9882
6532
5935
3335
8394
6116
5103
7090
3796
1242
3224
4186
4405
3089
8008
1984
9110
2861
9735
3608
6257
2959
4516
4702
1779
8694
5845
3660
6895
6690
4275
1184
5416
9380
7385
7133
8172
8443
7390
59
7427
3967
1706
7603
7267
179
2579
3900
6890
3117
5503
3630
2511
346
2547
903
131
7957
5961
5274
5840
5417
9446
6405
2489
4643
9358
3577
1606
5602
5757
6128
7231
7160
3700
6186
3978
8495
8466
5592
5114
3386
4509
4782
7647
6952
6856
2600
548
1991
5355
2471
9072
5
6803
2206
2855
174
7233
1808
7993
8077
6897
6083
3589
4810
3397
6613
1432
6294
4250
700
3397
2011
8739
3248
4909
2207
353
1246
4406
2681
5324
9517
8107
6672
9815
669
6592
4067
8178
1850
4704
9208
7347
5796
9130
9863
7933
3943
8605
1617
848
4905
190
3907
9432
2502
1291
6141
924
3694
1157
5011
7888
8283
7531
6956
9715
9042
3748
2943
6705
3055
9156
6301
4365
2481
1010
8131
3569
5691
9147
9006
2998
7806
5680
105
3890
3010
746
1733
3540
9706
1856
2229
3221
3569
8834
5708
8248
2871
8498
2750
2734
5049
3270
4225
9294
3451
5691
4716
4377
8400
6473
8733
3260
7309
7190
9791
4787
4422
9907
9771
4882
1962
5185
3517
9586
930
6748
1559
2909
1643
5788
2050
2143
1181
437
1521
3432
7380
6204
2921
3417
6714
1346
8535
8506
6512
7079
4848
1969
273
6287
6200
457
8571
5977
4152
5762
6993
8090
9908
4697
6917
491
7809
9826
4474
4979
9004
6402
8063
1940
5667
6421
4948
1967
7838
8915
3090
3143
6898
6769
5182
9005
1977
4223
8078
6243
8179
5979
2280
3092
8389
8349
2952
9054
3686
5251
6062
4110
863
7021
674
914
9410
7974
1163
6564
4486
9470
1177
1518
6840
8805
4541
1991
5428
698
6979
8699
3568
7348
6534
9249
4861
5086
9856
3648
833
516
6150
2406
8270
6668
530
4547
554
195
3739
8476
3969
3946
5757
2075
6895
5293
6723
9703
7096
9590
9724
2786
9889
9794
6536
7644
7881
7866
9204
8821
1174
908
7450
8759
5479
5155
4347
4936
4372
3923
441
3744
1153
1412
9538
6324
5143
2851
7771
5335
7096
2907
1232
3203
8470
8485
6432
1797
9681
9115
2188
644
3207
7954
1135
5845
8433
9096
3998
4633
6420
2391
10000
1201
4510
5219
2347
7815
2567
1808
8600
1535
4973
4583
1900
926
5070
8767
552
8999
1649
981
241
8370
286
4980
5287
2086
5864
2773
2778
8921
6447
7415
6176
5054
2840
4497
3011
5034
2594
3005
4691
3617
2050
2594
5110
6736
5041
3593
8737
4147
2310
