8076
8181
8573
1417
5174
5838
6115
2899
1509
4161
585
4823
8069
4341
9979
4507
8148
3742
6809
3133
7110
8292
5270
6285
3576
7241
7245
993
3458
4151
6089
7799
2715
9834
1805
4550
2133
22
3732
7165
7537
3058
7195
1444
1871
542
8699
9164
1339
7020
206
1118
6416
3111
6775
9621
9949
178
3419
2965
8826
3618
6452
4842
2668
6178
1750
2365
2924
2323
7377
7387
8363
9583
871
7156
8467
3077
2083
1980
4502
4979
935
9553
9153
1517
5717
7844
9529
6326
1605
1084
5064
429
990
6236
1398
5977
6865
568
3643
2919
8083
4497
7645
5302
569
7662
5805
6567
1728
374
4818
1294
6242
7042
6295
4235
195
2931
7652
6108
7060
740
9875
9679
3414
8826
807
8914
4536
8681
7466
8630
9946
5236
8555
2005
6849
9948
8824
8529
5046
3237
221
5564
314
9843
862
2543
4542
7912
1793
7990
9967
242
3227
6074
1735
3982
6483
1221
7730
3327
5212
6368
7083
8255
9649
2958
9153
1193
630
8446
2855
2664
5888
193
2183
6400
9734
2973
7528
4213
8686
978
3969
992
9787
4268
7101
582
5439
3824
4141
4033
8394
9082
3098
2721
3238
6664
5580
187
6183
9342
9466
8184
3230
9784
6121
4389
7948
4502
3080
1517
3936
9640
7192
146
3850
1673
5130
486
6361
2970
7844
1510
4779
4204
3047
9423
6260
3123
5163
1246
8473
1854
5266
3483
1394
3011
4541
255
5514
8255
3495
115
4149
1599
5769
5785
6776
3792
9755
6517
2351
3363
3440
8449
6444
4599
7894
4367
3640
2596
2642
627
7207
801
1816
5638
1248
7017
3400
1259
6716
9699
5148
5761
1543
7564
9866
4573
6912
2031
9559
2936
6171
3801
2716
2809
331
2012
1478
4889
4167
6857
5741
5449
9987
4261
9432
6845
1883
4290
96
9
1919
3340
6710
7022
1071
3818
2208
1933
2033
4030
6610
8429
7987
5310
3786
3615
1308
3012
9979
8255
8863
2958
4942
5102
5992
5138
7271
8644
9603
2050
3873
1513
1880
9927
9855
5135
37
7246
9105
4706
4271
6479
7804
1573
5612
1776
2745
9240
7720
7445
3873
2761
1846
9490
5762
5169
2162
5239
5923
8649
9418
4137
8718
2711
4548
6137
2481
6360
219
2831
3973
6318
7545
442
8698
8829
7255
3085
7821
8200
9448
9375
2403
1341
3708
5335
3528
3837
1878
1844
2499
9778
9042
5389
8759
4520
4376
6782
4416
6831
2485
3676
3367
4449
7490
9184
9854
5004
6759
752
6022
2448
8468
534
537
7671
7374
937
650
819
6143
6780
8219
1981
5383
8533
6172
6373
4126
9505
5634
9913
3915
3502
5500
1195
3897
8485
5668
6246
1347
6061
2288
3162
1904
6273
8434
4768
6480
2053
6402
8764
7264
7989
8494
6470
3544
3566
1577
3263
9175
1972
6966
6053
7416
1667
1271
5738
5638
9470
5718
5511
1870
695
1145
9033
7588
4001
3401
6096
6237
6016
9189
7175
5034
3604
5524
2440
8309
9644
6940
5283
4320
1576
3315
5134
3846
668
7790
9510
8098
3923
8595
545
5546
9877
848
7062
2111
4142
4364
9173
6804
493
1330
8828
5415
8523
3375
6310
8139
9462
968
9662
3090
7630
9370
1331
6630
6161
4403
3857
3107
2121
8240
4367
1206
7996
37
5848
1389
3573
8826
1665
9151
4750
6332
8685
1717
3476
5577
3438
1671
6139
7023
5315
9549
6065
7812
460
8879
9458
1218
208
1378
3144
2789
8238
7039
6748
6886
1377
3710
1577
2328
4
3435
3404
8662
5309
8282
6600
5204
2361
6709
2609
3503
9877
2599
6626
36
9837
3011
2546
131
2744
7427
7703
5905
7148
834
5773
751
5319
5297
8290
420
475
9867
2688
6022
4783
6663
7514
7467
1518
1715
3497
6761
9245
2796
2575
9359
622
2869
5596
8350
3554
7015
3464
616
7791
2730
5782
6327
5813
8359
5645
3114
2834
2075
9211
4132
7125
4308
3884
4799
8477
9810
9512
6493
9624
1647
2882
6731
2687
8342
6969
4419
310
7074
2867
5659
9044
450
4197
289
759
1655
822
1853
6402
2985
1214
3996
5203
5743
503
4442
1666
5261
4323
3643
2060
3424
6924
8954
1956
2478
5726
6748
6433
8139
3450
4306
4945
7055
3286
450
3614
3546
2196
8974
8671
3180
2334
1684
6152
6247
861
8542
4605
2479
3952
805
9490
9465
1682
9387
266
1113
6644
4635
3749
9283
669
5715
172
1181
796
7408
1677
7551
7782
9666
6410
1773
7861
603
5289
8042
1213
6725
2626
7516
8657
5121
6273
4983
1441
1168
7720
4981
7717
1791
7671
5545
3223
8761
8024
9791
3087
8698
6881
404
6182
6438
9267
9776
3497
6276
2530
8969
7156
1195
2109
2051
7309
3678
241
8376
9986
2919
7535
4339
170
2367
4849
7865
876
8373
891
3407
768
5439
9089
2615
33
6081
5870
5969
6620
3614
1307
3671
2700
4321
2206
9893
4289
1416
7235
3028
5293
6963
3402
6083
972
9482
3348
5510
4778
4375
3246
3869
6835
1489
1877
1521
1958
9129
2437
5269
38
6694
9982
7277
1840
8717
9075
5967
8865
1525
8142
1618
6740
35
9338
3367
7841
6239
5306
1014
286
2824
7111
4567
7298
5094
834
6846
3008
1820
3870
9600
8257
1033
5762
1579
2630
9839
2599
7816
7075
8342
8444
2928
4789
6498
2035
7728
6753
9261
2106
7602
2291
9845
41
3190
4323
3034
4346
8754
3609
568
7369
1260
6229
8366
1119
3720
3749
1065
5625
9589
6120
2756
255
1146
3193
4050
5723
3694
1956
4712
2037
9124
3035
7969
5606
6972
1863
7282
6889
8411
7014
8915
8526
8794
623
3915
2705
7368
3583
1292
5686
8538
1240
107
6864
7679
3692
1944
9513
5915
8479
6822
464
2489
2435
4976
6359
433
3796
4145
4820
1038
5248
6998
9936
5358
3579
6172
2762
6404
1790
5016
9233
4011
5107
585
9771
5452
3206
1696
7254
8773
7137
8911
2491
2596
909
5228
9328
5624
4554
5921
4672
1468
7553
3515
2294
9592
8969
9172
3048
1099
3373
4923
8358
8950
9701
2133
8233
5719
3538
299
9892
8508
2047
6919
8130
9763
4691
3506
3981
4870
2264
5047
3937
2204
1339
184
8006
8988
1155
7262
1245
6803
5257
6977
30
3876
701
5845
1303
7370
3566
5938
315
7832
636
5426
9964
9659
3660
1353
2718
6018
4380
749
4364
3974
5629
8709
7286
5759
6253
2388
9880
5115
5354
8007
7821
3394
4370
3867
2375
8737
3944
6198
715
3049
6146
6182
3314
5738
1659
5909
3838
177
5817
8195
7748
8788
7005
236
6762
5209
5889
3861
7735
7576
4142
5796
6129
5181
6935
9797
6216
1897
4296
8782
2434
3681
2651
9131
8907
4171
9319
1245
7023
1964
9587
138
4218
5496
8061
7327
578
6599
3459
636
3770
1843
8734
1667
6913
1479
6475
1588
8516
9487
2918
4722
8322
4574
2561
5931
8039
1274
9377
2209
1316
2249
9932
1080
3033
7843
8342
8414
4005
6522
2892
6088
3536
374
9451
5575
8921
3095
7307
6946
7925
3999
8972
4092
7587
530
6637
5991
243
3443
4502
758
5601
3396
7963
3907
5870
5027
7798
4763
9530
4765
9906
5285
8090
1611
8892
3689
9415
5889
6867
1229
594
9600
7180
4220
3153
3418
6495
4985
3456
9584
7621
4797
1575
7010
9790
9050
2615
4754
2728
9943
5474
2685
5768
4764
5412
3659
3511
8485
8402
9772
5099
7853
7217
6427
5029
401
1512
1797
9621
5884
6680
6045
4732
9519
9238
4181
7159
6130
9654
8797
4229
1780
7087
4074
3558
4810
4322
465
7685
1330
5361
197
6335
1183
2571
7400
2464
9113
5074
3034
6875
2477
5154
4047
232
1237
4858
8227
587
8112
665
1048
9143
6829
154
8528
6925
4226
892
507
286
7574
8477
2158
3684
1945
7560
7527
4083
3722
7026
7923
2508
5401
8018
9619
4742
3734
1460
9937
4997
7954
9912
8084
3499
7327
7101
7317
1345
7613
7371
7972
3761
4134
6358
6679
5915
5117
3749
5711
3838
2707
8680
7803
6666
663
8475
6023
5420
7086
1802
5320
7850
7756
8027
2211
8471
665
5593
1756
7888
5141
3586
6433
5693
9585
2276
9810
6843
332
414
9056
2232
362
9331
4181
402
669
6465
8693
8795
9010
3849
5842
9782
410
309
7030
8816
1347
9642
4073
9467
4829
876
5039
2878
6744
888
4123
7210
4782
4076
9673
6015
13
8610
846
3186
7743
3823
2660
6077
8699
8756
1178
7740
3757
7515
5492
3824
5452
3208
775
9609
7317
8495
7191
7903
7762
7468
2703
9074
8615
547
3988
379
9734
1332
8494
2914
157
1951
2491
991
3157
1345
4449
614
7226
9145
450
766
7596
6306
8523
3708
3142
2530
1725
8207
1710
9631
5646
2691
2833
9467
4551
3663
551
4861
1840
8417
660
1980
4714
91
6044
3086
9971
7376
994
9239
7724
844
400
3604
2493
2786
2515
7324
6595
7665
4669
1567
9049
5905
9699
1346
4337
4539
7168
8949
9245
4473
7494
7440
2752
5586
9007
7572
3496
7707
7635
4665
1647
7632
6448
5531
7257
9754
7595
9382
5052
651
2312
768
6504
6024
5632
7109
3555
1720
1166
8101
4826
9316
7926
9419
4356
659
5520
8497
4959
5140
6263
5911
3133
8025
2751
1881
138
8168
7263
3796
4329
8616
4998
7253
3099
4210
6610
128
8958
6150
6727
6422
3084
4642
4273
4236
1533
7295
7223
139
3720
2690
9193
374
222
5692
7713
7912
7094
3496
4402
3155
6818
9156
5359
5301
1904
2367
6068
776
5644
5705
8841
4977
6021
8127
2425
3608
2985
6598
2760
334
6308
992
1082
8158
1149
7017
587
2952
1071
6873
5667
8965
3758
7588
8384
7677
2970
2518
5301
3455
1367
2390
4019
1635
2754
8428
2874
7308
9031
1615
9116
5960
6669
8932
588
352
9891
9547
3447
1506
2887
1356
3764
5560
1409
1020
4012
2360
4819
8696
6364
6146
3342
2033
3508
3433
1638
2699
4233
8337
9044
2659
5453
907
8903
6784
4514
9836
4224
2942
5643
6852
4594
695
2224
6524
9743
4926
2215
1777
8443
1324
7471
2444
7552
6487
9005
1420
4887
6596
9269
588
1384
5130
9452
6564
2514
1844
4458
4559
6288
2422
767
7152
5345
584
2680
3604
3613
2214
591
4522
3795
4107
895
6105
552
8323
863
8020
5689
6792
3422
9017
5828
9838
6148
4791
155
6567
5970
3340
5635
4711
6118
4049
9768
2424
4638
8126
6450
4801
4447
9593
8785
3408
3372
8081
3783
8032
8815
6875
7829
5982
5837
2298
8498
5825
9269
3405
7866
9199
194
4153
4791
6487
4661
3778
8833
9583
7757
4908
6431
7685
9392
3115
771
137
8996
6066
368
3715
5176
5207
7805
393
2881
8001
9300
5689
5072
4149
7822
6911
8028
4920
7307
5328
9491
762
3221
6153
6624
8685
5169
5517
6417
7574
558
4140
4624
6534
4428
3290
561
8669
9447
9802
4177
250
1847
3402
8685
3179
3578
1438
6762
6803
8324
3161
798
3719
9196
8214
8026
3014
8890
1673
9493
3538
8888
1072
7776
9282
2884
9181
2102
8696
1041
29
1122
9894
5900
4638
2940
4038
7813
7212
9242
9993
7619
2208
5329
4267
6966
7589
728
1699
2117
9829
5650
3894
5433
1796
7029
4465
9764
5517
4151
2363
4943
7968
7919
7167
2292
9590
9717
3135
2569
1992
5509
1999
5172
3433
8348
8025
1563
8111
7751
2701
3854
8026
7573
569
296
4257
4929
2149
3009
7834
1500
4734
9699
9076
5097
6861
363
8294
3771
7725
2005
6
6957
8448
9218
7491
8104
8216
6205
4372
1140
4558
6261
5250
8680
3764
8000
7874
3380
4342
3785
5267
5094
3718
4665
7400
5539
5989
7893
8453
9086
6385
7632
7583
2978
6365
6799
8170
2788
1772
8167
2994
9247
5296
5841
504
720
3680
3980
415
1551
9535
8283
5248
239
7424
7128
8074
3006
3949
3527
5759
7696
1995
6060
1283
118
9972
6831
8347
2
7942
7151
6382
6500
3853
7120
4373
3855
4745
3582
7397
6276
9750
2026
707
7321
4009
1922
2337
3167
5192
1717
6712
1035
7218
9244
8543
3723
8973
5650
8427
8718
9384
6152
8985
5685
3988
8830
3103
9248
2347
3556
3955
4949
75
6682
9765
5013
4038
3548
5041
7116
4390
145
3947
3770
2471
7225
797
2088
9351
5079
7297
3740
5779
4832
6054
2715
697
2587
5172
4153
2058
6049
9238
933
707
9363
7931
5992
5335
794
4654
7405
4097
9658
4051
140
6415
3379
9127
3115
6653
2974
5766
2670
9932
5386
4908
3911
9137
4077
359
9504
1366
5099
3285
1453
1495
4436
2804
5152
333
3854
5781
6566
4920
6700
7891
2792
8921
2156
2381
3455
1786
6290
2519
5371
6371
911
8689
5773
6031
6735
1322
9997
3900
5629
6420
8000
8977
7831
1268
313
5935
3946
4165
8136
8182
8243
3431
4122
6558
9327
7824
163
9308
6630
2563
5926
2457
6277
2619
7256
3591
7927
7664
6683
6162
4942
1125
9229
5922
3842
9187
5439
5859
5434
4202
184
1087
9217
1057
108
567
4726
4257
4846
8211
8308
8168
7105
1983
1493
2767
4549
5935
7632
2509
2058
6753
6717
6438
6364
3375
4440
3602
6346
5498
441
8946
1337
4393
2445
1400
6657
7344
7498
7668
317
5224
8902
2323
7324
1279
7581
7305
8347
7997
9625
1574
7644
8104
7500
4823
1092
5193
1073
7434
8918
9271
5977
2623
9302
2568
1073
5658
8432
1409
3838
9351
9742
594
2309
4678
113
7817
4940
263
3626
6949
5155
4742
4082
699
5697
1567
5972
5089
8980
6675
9819
475
3550
5640
1892
6464
3502
8414
195
897
7240
6553
8290
6386
4308
9993
6076
1309
4219
7800
1922
6112
9130
131
3716
9815
3073
6659
7323
6171
3991
88
9705
3645
1290
2092
558
8478
817
2963
648
5527
1236
5602
7287
7263
611
9084
7350
7320
9683
6953
6102
1376
8798
668
5688
4734
8743
9175
635
2986
1839
1406
8941
9398
8567
9776
6406
220
6723
9136
8767
7084
4648
7545
862
3786
7422
2272
4575
3362
5085
6901
7641
115
4927
3165
3516
486
5666
4165
8470
6058
9963
4026
5808
1791
3108
2694
8724
2681
9973
3614
2637
2396
9322
6280
5103
8205
4490
5330
6355
7503
2033
2729
6401
2602
5489
9884
5191
2073
9641
2036
849
8929
1814
8206
7219
8180
620
6073
6012
8897
9300
2760
798
8819
379
9194
9700
2741
672
7927
1216
9469
862
1678
2900
5924
1839
2613
5758
1192
796
437
8172
7703
3667
764
1931
1561
6906
3865
9503
9111
853
7935
6075
2202
8960
292
2101
389
1987
4580
2074
4246
3999
1915
3092
402
7400
9242
2408
5472
7594
8644
6599
3084
3922
7279
6261
5439
2485
8763
9191
8448
8126
3321
1922
7384
7465
5844
4163
8200
2168
8101
3198
8189
1834
3786
5642
8504
8842
2829
2066
197
3310
4443
5966
4920
4914
6779
2293
1166
9713
4706
2353
7072
4383
6246
1255
1152
7300
2502
1297
3075
5726
5538
9669
7618
1091
3578
1697
6259
9762
3175
1475
2536
5041
3519
175
9240
7217
8948
8597
7807
2397
1893
4579
2860
7602
2
7794
7738
9122
7951
4123
58
3502
6630
9345
9925
5696
9779
7168
7179
6872
897
9790
8273
5190
1338
101
7798
6452
3815
3437
4484
7922
4292
3293
6563
7897
9175
9896
6785
5580
4034
2618
3124
724
4749
7326
7180
143
1835
7502
8671
8673
4000
3657
1030
5465
7531
8988
112
2594
3958
486
5238
1863
9648
3782
9469
7454
7455
6898
3831
6564
2391
2768
8473
7566
352
2913
2231
5368
1417
4955
950
6643
6946
4811
4007
3372
2779
350
8011
1779
9198
7042
6377
5108
1989
7720
3579
2961
7971
7954
3287
6945
2593
5719
315
2202
6924
9075
7310
7117
6173
8373
8465
8915
2231
159
4195
1209
8201
8376
2665
611
3794
4733
6330
3475
6650
4189
4263
542
6104
3368
3913
6820
2775
9424
9171
6366
9425
4407
5131
6811
5990
5463
3802
6459
4456
4365
9120
7558
7234
822
4136
2965
6148
2738
8002
9834
7764
3215
5433
3184
4816
8439
6802
4258
2774
2796
2653
3402
5240
7598
2503
4920
1756
7569
4112
1764
6896
4944
6057
1283
20
4421
3415
9298
991
3495
3627
8722
8286
1781
7205
674
2466
9793
5852
540
9761
2359
8765
8830
7628
4389
6425
6831
6619
6949
18
21
577
9844
3772
8024
293
2775
6962
8452
4092
917
2121
3467
2495
2363
6065
2028
3138
4223
747
7909
6375
1397
1685
3394
1664
7042
2693
1215
9744
6549
7039
2805
5845
7539
6742
9184
4761
6761
3749
1963
9446
1102
8938
5802
1009
3948
7537
420
9460
29
2439
9810
1362
1603
63
8625
2689
6294
7005
901
2575
2280
9495
4250
6440
9614
1884
3434
4989
7429
4802
871
8977
5548
8418
7990
8290
5562
1349
620
7924
855
1120
3634
2707
7234
7810
4892
7258
5831
8560
6238
7596
7792
6936
9740
6066
5852
7789
700
1788
1401
5236
5019
4732
6863
8647
7437
2656
2297
9100
8920
6716
2023
6709
5965
3268
1755
7386
1966
6585
9242
6167
968
9588
1748
3048
7085
7466
1826
6441
8660
2099
8778
8806
4862
3580
6983
8806
3814
8793
3834
4418
5569
6030
9376
1818
321
8913
6996
5594
2067
2493
9483
6844
599
9391
7604
7076
204
3993
8983
7458
1732
8374
3528
4937
5780
4409
7881
9028
8680
2758
5470
5639
9702
895
610
7247
7402
9150
4796
1872
5431
5860
845
6924
3267
162
5878
7733
5309
3682
7233
4809
2581
465
6401
8276
4874
7824
4778
2746
7592
9500
1640
963
6773
6497
9122
9945
7828
270
1161
9081
8357
7565
3415
5658
3108
6137
8932
9624
9580
5825
36
6049
6099
6
318
720
284
8340
1862
1553
4734
2854
1949
6124
8489
5997
334
3503
7390
975
2906
6797
3771
1937
32
1317
6131
3887
8241
2152
2354
35
1993
4046
5908
7303
8279
5974
2986
9086
498
2553
28
8070
9692
4555
5236
859
546
1124
4789
514
6812
7104
4280
2702
5761
9800
8581
6083
4176
947
8804
7832
8933
1210
3351
707
3757
6574
1105
8997
9938
8213
8762
6804
2878
53
1017
3670
8262
1106
1885
9321
1271
2881
7727
1429
9848
5730
7809
7751
8271
1769
6117
6700
494
6220
8988
8515
3603
3439
6718
2514
535
8715
3696
4640
7763
1951
879
3461
8031
4816
6435
2144
443
8601
5249
8481
184
6066
5648
5034
8005
6934
2182
6672
5223
3251
6588
3339
3445
7914
5162
1781
9463
6817
9697
1096
4866
2774
845
3532
6789
7174
7343
3686
900
3608
1835
6455
272
6200
4273
6451
4072
4221
6768
9394
8154
3710
9623
9005
5588
6299
6840
1339
8919
5198
843
2134
7504
8413
350
1769
2693
9626
2399
6735
779
7924
9381
6137
8687
8564
4576
6659
163
8299
5206
9701
900
456
263
9924
9414
6903
1530
5329
6842
6318
56
5170
2807
788
7167
3473
6460
5626
8529
2802
1433
528
2246
4946
1034
3730
7034
2709
5236
4631
4569
9689
4241
4533
875
2986
4285
9578
5189
7184
125
4766
1211
6580
5254
3015
4840
6680
5203
8616
4533
5255
1582
154
5312
7880
4423
4019
5075
2809
8291
5900
2359
5286
3211
4396
8007
1946
4939
7760
9260
1829
331
2117
3758
1716
2688
7071
2621
9978
8774
2498
6333
4950
3959
8581
4536
965
4419
9602
951
7582
5649
920
7682
5326
4686
7643
8888
4300
9395
3014
2478
379
1898
4287
9844
7415
4851
3959
7894
2836
8595
4621
4717
8372
4466
6416
9
7203
4515
7099
4108
3826
726
6052
4933
3120
7472
5240
424
677
9350
2071
5182
7333
2859
1381
3927
7001
4402
6378
1111
8427
9002
1252
5581
8266
3822
1398
1514
5015
8086
689
2050
774
6309
9121
9980
527
4891
8253
689
6722
3079
6372
6113
273
8052
51
4900
7805
447
3884
3223
8943
1078
5560
2675
6772
1711
9181
6582
9196
2860
5713
3711
8855
9328
5833
8840
4530
9874
7071
2922
7480
842
4106
1726
2065
4832
8350
709
1168
4563
560
5612
3421
8998
8091
2847
1059
3439
6626
1044
4352
7877
4771
5327
951
8136
8689
8866
6304
2543
3141
2014
4279
2776
4753
7999
5549
1288
3080
5469
4955
9322
5182
2519
8069
8854
9748
3786
1466
9075
7592
2095
858
2950
6333
8801
6160
2281
8403
2422
2792
304
3194
3513
4121
9298
6125
4731
740
6953
9654
9087
8560
9316
3880
5982
9084
7
7268
4267
2125
5110
1228
3847
3299
631
5840
2570
6052
4785
7817
3077
776
430
5970
5108
1559
4007
3907
2358
4530
6013
4440
9379
420
4688
5310
3263
7974
8921
1205
6895
4108
8603
2765
5384
1415
675
9305
4984
3432
6914
8315
4270
3446
5153
1452
630
3088
9085
3697
1254
2874
3027
9623
6690
8025
7150
8317
6781
9381
5490
6404
3349
1053
3831
6806
1321
3556
6998
9420
164
3600
5458
8744
505
9479
9250
2591
6544
4025
3193
5549
3541
5499
1138
551
1012
421
8514
2099
6542
1406
1893
4979
2127
7304
1443
3113
4861
2623
7144
4157
6380
8107
2506
6825
1027
4602
128
9538
940
7898
1879
1010
7390
3092
2782
5599
1606
3230
1712
8882
5075
8429
3920
1795
8790
8543
106
4905
3350
4516
4246
7875
6911
1018
7719
3071
6004
5677
420
6365
5034
8327
469
2666
3834
7007
2906
8510
9118
6152
4328
9073
4858
6428
4813
2446
8703
4924
659
9646
6335
9086
1491
4918
3422
7672
3106
7207
5210
7260
3066
303
7156
3412
9476
6182
6075
1449
4675
3254
196
2977
4617
8935
8256
808
1606
3729
2283
6712
2761
2333
6119
3575
9081
5724
1832
5939
302
7076
9205
680
8901
3467
9245
2615
2492
4836
1282
8187
7693
1386
4620
4098
35
751
9946
6719
3960
6629
2743
2415
4042
1292
819
8569
3694
5425
678
9982
339
64
3015
5615
6746
7079
5845
6147
6599
6574
4908
3735
8707
1894
4907
1512
8264
5492
1850
1877
5502
1794
6334
9419
1754
6467
9923
6443
452
4951
1991
6517
5927
7016
2323
4153
5995
8205
5602
6851
5257
3535
7491
9065
4825
3553
8439
6343
730
7975
575
1893
7665
7512
5089
7119
6922
208
2344
2308
7381
4637
4659
3572
6223
8644
2137
7377
1700
8978
5251
4588
3714
4105
3959
1791
9233
9779
2079
8839
8643
4539
7333
8085
6020
194
2070
2561
990
569
6982
7462
2371
320
300
1745
4112
4451
7981
4426
2167
8329
6114
3121
6905
7451
5445
875
9395
5984
9293
887
1505
3205
377
7810
9123
7348
9112
8575
4980
7092
5773
5327
2646
1950
1631
7969
5978
4145
9574
4077
9032
6214
3094
9502
9846
562
3581
3822
7779
9429
9765
1028
8153
6346
9938
7280
9842
3061
7059
4402
1132
9101
9254
9911
6720
4688
3334
1763
3983
1552
7010
8811
9857
344
6173
5950
540
7797
7318
6372
5063
1575
1519
1956
268
5847
5646
6887
9205
5974
8523
8841
7064
6493
4610
6743
8864
2509
5431
4002
841
1036
9445
1385
3217
5414
4397
4246
5381
2915
2222
4706
5852
2942
5539
537
8414
776
6472
9026
2730
9766
3112
5872
2414
3029
6244
6326
6065
4311
9145
8170
7092
6413
6270
3910
6288
4826
2377
2610
7044
3625
2288
137
6884
455
2883
313
551
7553
3153
8413
9271
6124
5190
2800
7998
2126
8818
84
7494
2515
5275
4120
878
2365
801
9418
4931
4927
9284
5088
4893
8625
4242
6312
7752
7305
4309
6516
3074
2604
3129
4913
2346
231
4106
885
7453
5146
2821
8809
6467
4167
5067
4339
222
8362
6457
5935
6285
1728
336
3436
7880
7138
4348
8902
4108
5296
2390
3574
4325
7543
7967
8860
3984
8740
6949
8479
1395
2186
2623
3603
4905
4544
3577
2699
7798
5071
5441
3055
3849
139
803
1509
9944
959
7719
7807
3384
9704
6132
5123
628
6822
3299
8875
1056
247
3787
6656
4062
5375
7030
9337
300
3259
5543
5728
8208
3277
9922
1010
5079
5697
2489
2140
7912
8998
116
1849
2999
6626
8099
6517
4811
7911
1254
2194
4119
8283
5415
7354
2471
4658
2338
584
5178
2859
3754
6359
7759
5298
5716
2248
1465
8789
2736
6527
1901
4308
2265
5971
1074
2838
4023
9837
7229
3955
5385
7491
8749
6779
3592
4004
8065
6090
7898
80
9058
9934
9921
195
6739
8899
8474
5495
1127
1385
5913
6118
8217
3643
6654
934
9646
8145
4934
1398
9294
8943
8103
193
9379
8053
3794
4668
858
2628
4164
9662
2921
8717
8043
4271
4189
3709
2351
2337
3901
6271
7410
6997
4752
9488
6843
5513
377
234
1769
1765
9495
5374
608
309
5641
3282
453
7673
6101
7422
3256
3715
6168
7191
277
8308
5182
138
1202
6287
8924
8765
134
6767
8894
4601
9273
1193
2773
2033
2499
8260
1931
4423
5326
2752
1202
5490
4701
9743
3413
9602
2011
5128
6085
5688
5311
8477
595
793
2252
4360
4723
958
3506
3934
7914
9061
7569
9375
4893
1556
1743
9967
7330
8608
830
155
5101
5015
4615
6638
8449
2573
7545
3730
9805
7996
9227
3655
9387
4394
2283
1141
1807
8437
4948
9796
1878
9799
9350
1057
6560
4266
2888
5248
6574
6953
9283
8201
5584
7497
7963
6287
7034
4808
5305
7248
8772
4962
8873
4193
3373
2186
6318
5365
7751
9511
3881
2820
9044
2646
5533
9051
5077
7920
2713
1751
6730
2656
6358
3440
6449
4350
7446
4423
1828
3132
9631
4744
5702
595
7734
3164
4500
6863
8796
8981
4781
6944
8223
5538
3757
6874
2140
2662
3440
9927
8500
8921
9570
3257
3682
3615
5878
5746
8441
2717
1469
8520
6805
2571
4049
668
4297
132
4624
3976
7258
8727
9871
2184
3373
3919
6858
2231
4608
4900
1052
7202
7658
3003
2598
3301
3759
480
7779
6088
9250
9412
2222
4384
615
2816
9966
3825
2924
7408
7781
5853
8529
205
7319
2087
3717
9265
8578
8491
4590
2165
6930
8517
9845
4563
2579
9504
7403
5128
5619
1993
3837
2459
2133
7364
410
4246
6765
5180
7220
8810
4965
8017
7398
4453
3848
8150
6615
2587
3938
7486
9266
6454
5425
9357
1579
8488
1559
8420
3673
5806
8766
2768
7079
5155
7681
621
1651
5759
1885
2425
5901
922
1406
8096
7800
7013
6182
8235
8894
1496
658
7652
3146
52
4429
9271
3366
6500
5392
6608
2301
8244
1326
3391
2507
4272
2919
9630
8978
2329
6354
4432
1162
6857
6341
7245
6498
9504
1141
801
5847
9586
9549
1070
2382
2734
6093
1727
9313
2164
4767
3297
8627
8474
3481
9985
2549
693
1138
462
1753
3453
6747
2354
9554
2513
5292
4058
9264
3701
8228
1633
2726
8315
7410
3007
1571
1457
35
6467
9248
8404
8733
5551
1025
8151
5324
7801
1276
2551
9007
586
2132
4099
9657
3232
5338
5336
4841
986
9563
8098
4714
3068
8733
1396
2442
3954
3060
2561
9061
4357
3340
7501
720
5938
843
2379
3202
1693
9647
858
3225
2155
5609
8155
8648
6097
6371
5575
9902
3255
9729
6988
3227
5725
3516
1678
2137
4171
8756
6467
7365
4742
9222
3614
7076
2692
4828
31
8549
9104
3249
7647
9679
7795
4079
4370
3727
572
2465
49
3503
275
4654
2029
1844
2732
6167
530
3682
725
4431
4870
1252
5301
1603
7785
8077
2382
58
6571
9227
5530
2546
6595
5082
8899
1393
4812
3303
7981
6258
8400
9057
9565
7964
6322
6673
6457
6707
9730
6859
7034
6530
440
2351
4399
4393
5446
1463
5078
1378
9378
3363
2515
5622
6173
1135
6417
1417
5805
8650
4944
6583
1854
5136
3159
702
977
6943
7734
88
5843
9446
4902
1475
9020
3322
5942
5317
6436
8461
2013
1327
5563
5688
8120
3421
5268
1168
4148
8583
1379
866
9488
4341
4487
2752
6535
2514
4192
2593
7593
2688
7114
5117
9071
7477
4317
6072
6728
3040
7503
2308
5756
2573
2301
6370
9899
7496
1323
9300
4531
950
9223
346
9646
863
6977
5126
18
5323
2821
4360
1489
1298
2846
3842
4248
8833
5108
2468
6302
6781
7319
9280
2872
2843
9645
2359
387
252
974
2077
6933
5763
9124
8736
4564
8786
2864
9968
2704
9516
6445
6365
6029
4620
5287
4790
4658
2744
4930
7550
9309
8434
3988
2213
9091
2354
5848
1222
5073
7691
3181
2637
8445
7501
3919
3395
8102
5418
7319
4248
8874
2623
3950
1201
8201
7263
4017
1723
6080
8614
4282
5243
349
7189
5056
6536
6971
3746
5194
7477
2877
4650
4862
7348
7167
8445
2942
4367
4937
8609
8391
1479
6906
502
2593
7526
7102
6235
2829
905
386
9858
5320
6572
1331
6649
20
8784
6069
4514
8310
1437
9131
2555
9031
4965
8005
1722
7970
3836
9171
5119
776
1484
700
1018
9580
140
8170
9937
9118
1496
2587
8211
9054
371
1322
4448
5340
7637
5604
1937
4993
543
1056
9658
5432
8278
957
6877
1671
8091
5426
1489
2074
2675
3586
224
6130
2586
9907
9657
5759
8455
369
532
5046
6500
8905
4374
1945
7435
9622
513
9535
3208
5746
3780
3674
8265
1911
7912
8553
1989
2457
7407
1549
6831
4743
1044
4058
2229
3111
3565
5501
7936
6138
8115
3608
1555
7029
985
5246
4210
4662
1889
8539
5146
635
7565
8863
737
5926
3856
8405
5921
9252
1579
1386
6366
8114
4456
4840
7845
2605
3209
7843
5198
1558
8488
498
7083
367
6730
7645
4209
9927
7293
1244
8219
6490
6212
9740
5495
3031
1819
2251
5266
3629
100
454
4113
3823
3170
1186
9711
1462
2505
8426
4997
4595
9726
4120
292
5169
1563
3543
4918
9942
2462
2351
1766
2876
7727
9313
7977
6513
2544
798
2365
3352
7322
566
5595
2092
7812
1115
2194
7738
9234
911
4488
9055
7256
5214
7269
1607
5073
6853
8588
9729
5082
7341
6451
6144
5664
7996
3405
3708
8467
5375
978
9725
9218
5238
3799
9656
5606
4524
8836
3697
9034
1371
8628
6627
3163
9064
8687
8642
1091
1007
8262
2463
4712
294
592
9904
4371
9239
3445
9294
4272
1388
3246
3696
9258
944
6456
8677
1554
2263
9942
7542
1895
5168
8073
1423
7998
184
8020
1364
4818
1468
6301
9648
5218
4223
9006
8007
6731
7665
5346
1077
9954
4265
9155
4467
6777
886
5809
8162
2122
7706
2668
7640
1157
6345
9581
7021
5082
9527
2259
859
2438
737
5404
3775
9707
3883
4336
22
4409
9706
3598
8291
6364
7902
8502
591
7843
1245
898
7881
1413
822
3614
9257
4999
9505
8912
6003
7315
4169
5122
6551
3242
5866
2142
3495
7953
1100
904
9216
597
6734
4081
2377
3275
5611
5353
3579
8622
9944
2329
4778
9859
4752
3905
3777
433
4199
6228
1997
6482
9521
2764
1061
4245
8463
2975
1276
6335
2594
1037
3026
5254
700
714
286
9938
3569
5009
4001
1254
7906
9550
1892
5392
4875
6779
440
9804
1812
3991
4221
5060
4013
1996
7562
7303
7208
2782
3580
265
298
3911
6049
2854
2267
4605
261
8131
6763
3469
92
2222
2817
626
9771
7136
383
7682
566
9774
4943
7370
4518
523
6299
996
9626
8737
2857
5887
3519
9124
4184
6885
5510
2628
1443
5704
134
7726
7437
9390
8855
3212
5385
4518
385
1582
8356
6848
4283
2828
9293
7132
6904
2151
4952
2519
3584
1447
5757
9580
6029
3681
7580
9341
9247
1310
720
6949
8112
4738
6042
8553
9661
4495
8096
5856
3549
1272
329
4392
9757
1261
8051
5050
9603
335
660
9611
3378
9537
5852
145
5530
6045
4997
9023
6185
8379
702
923
6072
1885
4681
824
359
783
6478
2211
5832
5979
1369
7895
4917
3672
8776
1803
9591
8386
928
3823
7914
5426
5194
1390
6094
2076
2451
872
9320
3803
8250
8998
5350
1646
3056
9621
5875
9612
2860
3878
1976
6390
1645
2493
1692
3962
2782
7370
9638
6835
7271
5926
911
9477
2950
5665
4114
6333
281
8367
1190
8288
7105
2988
5034
1811
6917
3866
9316
2198
2629
6146
8815
287
499
3467
2730
2824
7025
3937
7846
248
4908
9120
3265
2106
2920
7389
3466
9494
8478
7359
1862
6015
1030
9300
2753
3546
9008
2464
5572
6816
2993
4072
1683
1232
3022
1325
631
1739
8486
1295
9694
6531
4968
4746
7892
8411
3536
9079
3176
8295
4499
2414
9404
9888
9446
5584
7967
1945
2514
1252
7426
4662
4240
9762
3341
9743
9123
9397
9677
9472
1055
4740
2572
8729
9183
505
7087
5283
379
9871
7587
7957
3596
5646
2863
9279
5561
9883
7761
9087
7011
2469
4149
8228
3497
2140
5382
6976
5100
3917
55
1061
4920
5474
2831
9344
7081
1166
2375
1028
1188
6549
9026
7121
1636
8058
7754
270
7010
2281
5135
9593
6909
6717
2610
2167
989
9233
2153
913
7720
6616
4593
9320
8444
3504
5320
7131
5692
1779
6868
7492
3366
7071
2964
5279
424
3377
4023
8399
8985
9061
9795
8683
2402
7422
877
6666
8803
2932
7173
5040
780
9805
7983
8820
2557
3045
5422
6413
1736
3390
116
4667
3993
6588
5693
2703
5523
4398
6539
3902
9874
9345
1440
2732
2915
7802
4319
3309
2139
6282
2043
9525
4191
3965
8510
2397
7641
419
3605
8885
6330
1250
5459
7823
2337
5976
4481
2879
6579
1812
8062
9459
9393
4253
5563
2330
3051
323
4211
3453
3081
3247
7866
4904
5539
7839
2281
137
2906
4456
2453
7916
2176
5536
9886
7120
4859
2859
243
7440
138
5555
4729
435
9225
8549
1730
7832
1038
8672
8841
9094
6849
991
9162
8262
4165
1011
9960
875
8286
9391
6216
5362
3263
4553
6378
9731
2726
5135
2709
3593
4981
8637
4031
7631
6146
4791
4380
7420
9677
2205
7105
6233
560
4651
283
1913
7736
9002
5982
6184
8814
269
2843
871
7065
455
8777
4456
1822
6999
8085
4055
9928
3483
5288
2521
7672
9988
6111
7657
9787
2926
4620
751
4491
4615
4335
4586
1314
853
295
6874
1515
844
8530
3688
9236
7458
9125
8848
5256
7472
9223
9484
4175
774
2631
4998
181
4737
3474
6546
6156
4938
2321
6777
5833
6291
4582
5099
8933
9217
2586
1985
4786
3979
4755
6961
808
2545
7526
8828
8370
1423
8285
3407
111
781
480
3622
9559
4889
5262
9085
5987
6411
7568
7552
4958
2392
8374
8549
7665
2941
9002
280
280
4544
7824
4550
7890
8689
4494
800
6250
3100
1910
9658
8640
7202
1521
8357
4325
5689
3302
5322
9841
4045
7746
8804
4172
7703
3557
4985
4200
2162
1386
4240
7297
4821
908
334
3860
556
5815
6284
3740
2145
8881
2302
7001
3503
7186
5823
1274
8429
5747
917
5090
30
6373
4614
8981
6360
7389
600
3912
5886
9004
6557
9657
2401
8588
15
4070
2728
9889
9016
7947
2132
286
8075
9097
1757
630
7035
3607
9599
2863
192
1863
1514
1701
5788
1842
1627
7960
1403
2435
2082
2770
9129
5099
587
3891
5427
3037
408
7592
4583
3247
1582
2192
1307
8309
3977
2212
7648
1567
2538
5326
1694
1492
2561
7818
721
8436
8167
8102
9407
9732
269
1982
4554
7156
1291
7836
1341
4144
2636
4628
2536
8808
7496
804
1361
2826
5958
7472
701
5573
1583
5007
6246
7458
8615
8255
8773
6414
6820
1809
1304
6668
6602
3542
125
9542
437
1472
4771
1833
8002
6381
1008
8585
1372
134
2561
3463
3611
7606
1865
1856
8721
8269
7505
8841
3463
2086
6130
6663
1880
3154
9658
4088
1460
3688
4326
3038
5862
420
6785
6309
2858
5267
3835
3837
7742
2169
6623
3982
1807
2453
7182
594
2736
1750
5023
6266
8702
2535
4182
7070
867
7704
6573
4381
9538
2225
5818
4878
7712
1914
6807
729
2032
592
174
8140
5185
9532
7590
3917
5710
5967
3309
6547
863
665
9799
350
5694
8079
385
8773
6806
6430
9885
5556
2427
9251
4941
628
1347
4343
9423
907
2040
903
6624
4887
9861
650
9258
3897
4613
4194
267
2186
2940
9588
2336
2651
37
6047
1635
4927
2996
2133
1837
7816
3710
4383
7708
8580
2742
9288
3694
7506
6799
8841
1843
7309
1533
7427
5115
3465
8284
5758
6683
3338
8050
5744
3201
9113
8522
8728
133
1962
294
8355
266
2625
6547
8493
2293
6626
6382
6069
4956
736
5840
8493
3670
975
2094
5395
766
1403
5795
4833
7531
7313
3681
4805
6078
6013
8597
1973
1757
3342
6886
793
2282
4288
3758
7927
8034
1650
5667
8781
9129
7557
5022
5250
8739
8810
6589
6396
8870
8554
6865
6623
4380
3540
7371
9177
3324
8413
332
6303
6931
5827
559
1219
448
4015
420
1242
6917
1413
5811
5837
9526
1365
9742
8159
4603
8596
6745
3737
6567
3139
5698
5341
8137
6706
858
8791
4031
1098
883
502
3992
8227
3484
3896
1464
6501
8949
8431
7580
8936
9243
2010
6154
4202
651
4772
4354
2990
6992
9862
5412
8592
7319
4691
4289
2384
6738
4395
4579
2035
1450
7731
5062
2671
9485
4488
7349
8990
6686
2648
1798
9379
3504
2974
7527
1442
1866
8508
3736
2029
2992
6514
3807
3865
6410
838
653
5174
7601
3348
1689
8313
6743
4126
4415
8359
3816
1484
9121
2854
5992
4443
3486
9438
1654
2342
4968
8999
1681
8498
769
8144
2663
7404
1931
6267
8654
7898
7614
9335
7697
7904
7989
4586
6944
9904
9348
7825
5439
109
2977
7665
6829
8486
185
9218
5167
1209
9419
3012
5782
1943
7868
3660
9705
3375
9175
6774
4566
5902
868
1916
7075
6010
59
4034
2171
2963
3546
5695
1797
8742
8984
7762
1851
2796
7065
6627
9332
194
743
2054
2960
8968
6460
820
9621
71
4068
7857
5837
1290
6677
8403
8240
4591
9002
1796
9442
4992
2958
9951
6090
7830
2243
1326
3993
474
3407
4253
1153
3981
9539
1824
3323
9971
4104
4285
8250
8099
6714
3803
4167
9880
9599
835
5299
5349
3483
926
2131
66
4160
5685
7050
1307
6593
1959
6558
3925
1611
8755
9758
8356
1435
2341
9009
5484
4112
6144
2787
5697
3721
3539
2606
2346
2741
8459
5616
3043
5302
837
1943
5759
5228
1362
1214
509
770
2741
5801
1591
8679
2743
9282
9754
3913
7648
7398
8520
7665
3427
5310
3901
5633
5951
9391
2203
502
848
3958
6291
7441
8250
3364
6736
9104
7582
7709
588
7108
2819
6023
7176
215
9167
4285
7296
5597
8004
6826
9429
8434
8115
8805
4210
6864
7708
4282
6281
3816
3546
9147
854
4624
637
633
869
9467
8333
5512
9430
2706
6467
7155
1378
6918
8197
7642
7331
8073
4584
4799
3250
9698
9648
5691
8751
8123
3584
7403
7702
7895
6199
3211
5429
6373
2175
7201
7833
9102
4757
3239
9070
3120
4664
4848
6117
3575
6612
945
476
187
6677
8704
9569
3966
9934
8848
2946
1353
9282
578
1362
2473
3189
3036
9941
2563
2187
7693
207
770
1407
1415
9609
8539
9167
3060
1260
557
9685
7410
1163
4861
1379
9022
4866
5094
860
5138
679
7161
6753
1170
1910
4556
6773
4512
6332
1484
6094
2375
7089
575
5009
7249
5629
2466
9078
9143
3855
7811
5561
7265
9670
8390
5795
5042
7374
2901
4304
1434
1960
4746
2022
8419
4224
3657
2711
9185
1854
391
8859
4112
184
3836
5718
1908
5112
2906
9921
1429
9855
1354
2152
5663
6667
2252
1733
3074
4429
295
4641
3146
3094
4333
5506
2275
6389
9549
8408
3411
4860
8565
935
7836
2422
3452
880
297
851
6041
5214
9328
8347
2273
6514
3073
260
7419
2905
7160
2325
2886
3754
5242
9344
2107
4839
4746
5177
2499
3543
1
3092
2865
6714
2503
9054
774
1293
3331
4369
2411
540
5901
8283
8210
6733
8189
5531
1157
4619
2287
8670
1110
8544
5776
95
7642
196
3725
4027
6024
3208
2376
4477
5793
5472
5562
1251
8976
9966
2711
2334
5606
118
2960
7708
7360
6313
3319
6571
6338
5980
103
7232
4844
940
1914
6529
3828
2110
9335
3521
2127
3539
1214
413
6041
4818
9913
2221
8920
3375
8200
5479
3432
5879
8648
5486
4971
1057
2298
1032
3241
4588
7130
5302
526
409
8461
1781
9315
1800
2765
4363
9044
9854
3603
1563
1555
6640
3371
5800
7526
5229
7396
9
1607
9033
7533
5532
2327
8458
880
7163
3866
3731
5468
3539
778
8967
8880
3610
3431
3988
7607
2859
1484
7285
4688
6146
5089
5552
631
7562
8645
2725
8012
1528
9935
4146
3191
3535
8253
9572
9641
3349
8735
2087
6021
8333
6521
8682
8823
9565
3625
2226
3694
8893
3381
3915
1825
725
2257
9845
7733
8419
6422
5311
2647
1448
986
5710
3298
6196
3100
3415
9378
157
6197
5920
4201
6646
1594
1693
2157
4648
5389
6715
3440
6408
3133
6414
1230
3504
2100
4927
9014
727
1172
5942
6065
5905
1286
7217
7214
2944
5247
3843
9013
4872
4244
3771
8143
3377
9876
2716
9486
1486
4698
4628
675
6384
1344
8169
7129
111
134
9279
6584
6891
7743
4845
4966
7177
4990
2727
6072
177
88
8936
5989
8542
4807
3668
9419
1210
4902
4052
9177
2990
2935
2935
1983
2314
1074
9921
3409
1898
3908
2893
2282
462
6388
5774
265
7603
68
947
5370
7982
1533
2879
9174
5515
567
2812
6251
2969
1987
3096
885
7525
4327
3720
544
8188
580
2901
7767
6723
1063
8230
2140
9749
6135
4771
1868
5991
6986
1798
52
9367
5997
358
4258
5485
4267
9779
9221
6471
2839
2353
1584
6575
5875
2007
2467
8963
8559
4466
8362
2248
9889
3656
3345
3913
653
1428
5944
6542
9888
5488
2102
1986
8895
3435
1656
8030
506
9214
9488
1876
2681
1942
4083
4911
9784
6084
5630
3550
1892
6231
2966
1727
2378
9398
3704
1582
6626
2643
4700
261
274
4085
627
2376
3638
933
6909
9652
58
9036
9499
1550
9873
4608
8060
3253
8398
318
1018
289
5895
4701
611
2296
9787
5985
3607
1945
4616
8885
8663
8879
3189
5592
4449
2675
3127
328
3580
3320
6674
125
6198
2408
8024
3228
3580
3440
1630
487
6561
4927
7052
4414
5745
5768
683
5202
485
8359
2438
2945
1447
1256
5898
512
7190
9858
3745
2126
8660
511
6385
8529
6749
774
619
829
7127
6093
6895
1594
3470
1097
8269
3568
4875
1919
1515
3531
5781
4451
1025
1208
7035
2316
9071
930
4861
7460
1852
6752
463
5751
9315
151
6737
9734
8134
3090
125
782
1536
8193
5079
3296
6609
2161
5724
4282
9660
8101
4406
2727
2800
7404
9550
4446
460
2077
5951
9811
2783
3933
9034
3653
3982
7959
889
8984
7655
3354
9967
8696
7764
7211
8177
2365
3548
2622
8878
8440
8980
5133
6704
5666
2543
8866
5531
1421
1091
6406
4011
8757
2335
4585
9037
8462
4111
1667
6285
7190
4998
139
3534
7800
83
3270
6852
3467
7707
2948
1937
2809
7884
894
2916
9334
760
5299
8714
4818
3933
163
2749
2895
765
5195
5170
6095
7933
9951
8068
6840
9329
7149
3229
510
5227
6511
8826
6564
103
2338
6168
1939
9882
5136
144
9479
9556
30
7297
2931
5087
2463
3610
9300
9288
4707
54
8680
9998
5128
7660
1595
279
5778
5495
3854
4586
2911
4289
9396
1892
9328
5648
2301
6638
7047
1809
137
996
3777
3725
2189
7468
6855
5868
7748
9062
3907
4640
1601
5478
368
3474
6147
7572
127
1844
2139
9143
7113
7247
2963
4614
2424
8925
574
3534
3698
9620
4742
7988
900
6960
1071
6983
5400
9215
7454
2690
7310
1105
3034
6976
9385
4128
8567
3133
4509
2384
2120
6900
7741
9350
9499
2932
3242
3158
4443
7722
993
8030
9719
7633
8167
7259
6520
1214
5244
8844
6291
8212
7537
8258
5992
3830
8629
4156
5159
5715
3459
1840
660
2815
5226
6232
2951
9885
2136
775
5884
8678
7110
1205
592
7113
6009
3448
2863
603
7686
3042
2526
5596
2208
9432
2863
3923
1993
2221
7823
8016
4247
8082
4901
1232
2129
6355
1961
4621
6338
8620
6958
1265
8453
2486
592
2048
2284
2696
3225
2129
9751
3278
9046
5738
3326
2892
2455
7987
8007
1829
3893
6297
1884
3148
4930
810
5960
2339
5341
2653
589
9604
8102
1287
8099
6348
1753
7371
8537
2796
3443
5489
8266
6786
82
1951
9158
4733
9533
6409
9531
4543
8505
2502
6635
6777
8940
1959
4504
4805
53
8596
277
6854
8921
3544
6744
2867
8522
691
8754
6934
8486
1785
6428
1655
445
3961
8618
4279
6861
8540
5956
5691
9441
8879
4026
2422
902
6768
3640
8711
1687
1410
7070
365
1475
2388
6149
4680
3855
8172
626
966
1366
4704
2880
4422
7252
4402
8159
1985
9746
4502
7904
2585
4486
5095
7355
5787
728
1436
7665
2189
7441
2149
7049
6154
6075
4786
5092
6451
7830
2891
9314
3196
4562
4193
3279
150
4148
7808
1152
9837
3073
9492
4417
5232
1283
7858
2701
5846
6939
1210
2117
7885
1595
4204
1346
7901
9571
5867
7809
6830
8743
5717
3694
6650
3927
2651
4374
5026
8047
2108
9777
4250
854
589
2664
9542
9685
3036
6437
8368
1825
7809
9095
6795
3498
6042
9281
1107
6141
6989
4947
2919
6714
8673
5133
3849
5110
3603
570
1442
8348
2624
9397
1473
8262
6065
131
3047
6604
275
5235
1946
9121
9361
5083
4606
8038
6458
3987
9744
588
6286
7007
7234
9792
807
8739
4089
2468
2886
3009
5586
8673
8559
5453
5488
6174
7184
9322
3114
3373
121
8579
6523
4164
2828
1271
528
8622
2313
556
5400
4128
1732
292
7168
2555
6566
7123
3213
485
2326
1138
7528
1088
1991
2843
8406
8215
2516
4953
7653
5595
3636
3772
4411
6564
8950
6381
8639
2661
8783
6667
8938
2678
6693
5360
6953
7217
6657
6660
5887
7691
5926
6780
3809
2839
9378
7812
3373
295
4740
3654
8333
5497
4515
3451
3823
5367
9661
1982
1717
9541
2095
5722
4636
7652
7987
7962
2122
7231
1420
6248
374
3066
8542
708
2532
5575
5536
2329
9967
2653
9949
6161
6295
6781
3712
5591
4894
6726
8034
318
7583
1104
4784
2483
6847
9249
6437
2492
6478
3389
6702
8567
5816
4972
7066
1720
942
7076
146
981
2099
4395
9462
2018
364
1981
6556
6016
8211
4061
702
4632
7932
4630
3425
1203
9144
2242
9931
7943
1548
2431
2217
3840
1998
2556
4110
8205
5524
5487
6742
348
8418
539
4125
6773
7764
2317
2366
3412
5832
726
2802
1981
9679
8309
8884
6267
5970
4277
8976
6341
8552
8145
2420
6092
1635
9674
4187
2220
4580
6041
4206
898
5202
1552
1121
1670
7325
47
6576
6835
4818
5183
5392
8564
8792
9224
9058
5317
6792
6656
4758
3701
2862
4969
9880
1910
5141
1302
2389
6062
3325
290
763
1363
1767
5394
3277
5857
5204
3317
5352
5717
3255
8654
5394
7543
6629
3829
4123
4896
2749
7630
9696
3472
971
4098
1138
1702
7903
2457
5573
1338
1474
7835
475
5628
8363
2056
867
1070
3093
3522
2709
2382
8779
5299
8022
9363
8780
927
4277
8579
5803
8192
496
2484
9950
2089
5090
3461
61
9609
6042
539
3327
551
2237
2115
6574
605
5923
8843
8932
5153
136
7054
9602
4877
1709
4578
6403
7149
9983
7607
387
366
3716
9395
9410
1957
3845
9016
8784
4594
7723
1111
355
9318
1265
5669
2224
8723
9039
195
121
8154
8708
5362
8039
7913
5548
9173
58
4930
4711
4023
7562
8002
3814
5638
5971
6788
6099
2800
3036
1041
4852
2031
6296
3246
3098
1940
769
4744
8677
7837
9240
2773
3708
8357
6530
3363
9217
2380
6055
2991
188
6307
1658
58
3709
8870
220
5832
3004
3107
866
3279
3157
2872
4735
1412
85
4272
5205
2204
2975
858
2251
6920
1749
5014
6169
8782
5411
7009
5277
9316
4139
7511
9433
6403
7837
8917
6178
3119
6538
5852
9172
7753
3535
5382
9196
7078
386
3081
6462
6874
4058
1934
9220
6015
389
7250
7728
2987
4776
2264
4533
6630
530
5890
1717
6098
7707
6224
3256
8551
368
827
5977
6944
8238
7554
5726
4425
9461
7749
6309
6304
4835
7015
7523
5346
253
7429
5180
1225
3339
9070
385
378
2313
8043
7568
8192
9958
2799
725
1510
3231
468
5212
5783
9552
197
7990
7784
4064
998
2752
1865
8313
7528
7566
4918
9650
8371
1728
2842
2440
7889
5493
9207
6670
4544
916
5011
6916
5663
4678
6967
4791
1110
3985
567
978
6012
4850
3356
8743
5786
7939
3288
9401
5075
989
6812
1693
5863
8331
1440
1165
9050
7448
7934
2760
8075
9722
7953
9651
2796
7486
4075
4013
6747
2358
376
919
1157
460
3451
4826
4681
8551
5706
9218
8627
1391
5033
3919
3672
4723
7556
1275
5563
112
3037
1957
4066
7618
5772
3531
1585
9769
7281
34
5291
5623
989
8855
9329
6853
3208
1921
1756
8711
9196
1896
4221
7529
7869
408
1048
2946
3813
4640
8451
7457
627
602
3825
8065
5375
6283
9770
4855
9924
5533
7335
9077
1298
4026
8326
9023
9830
1911
6966
5381
816
3895
7162
9041
2738
6400
2741
3371
2600
3169
4560
9899
6930
5239
176
1002
5113
8545
8890
5745
341
2591
7412
5295
2226
6619
9130
2517
4305
5442
3035
6263
9155
5799
6715
4655
3548
5416
1504
3224
6231
1243
6895
3140
1256
366
5591
1994
565
6926
236
4573
475
1074
7751
3911
8141
1441
7469
3527
5643
919
4843
198
1361
6629
3305
2904
547
8877
3110
7614
9608
645
7431
9507
1493
8675
2827
3885
2839
9563
3294
4571
6969
9490
4540
3889
775
4110
7897
1471
7599
6009
1307
70
2694
649
8215
5335
2678
8223
3854
3053
5394
7995
2439
1781
2073
3795
8060
945
9356
4173
6690
4531
4775
8363
6688
8300
5639
9730
361
4085
7901
1619
9770
8203
8560
6673
5778
2224
2429
9534
568
3487
1676
4675
314
9549
4454
5544
6519
5527
7141
8616
1642
5770
3258
6106
7079
1592
937
4071
9279
5007
9985
8408
2882
4258
9054
9867
8083
793
3191
642
3130
8820
2131
9270
1886
8025
100
7664
621
7208
8620
3944
7907
1587
4800
7383
6335
9380
8984
7262
5103
3870
7214
5763
7987
5646
6001
6063
2163
5915
9112
762
9475
5934
8692
2490
3253
9405
5962
8068
610
4448
9904
9969
2221
9236
5899
3981
9078
701
119
9957
8404
8888
9615
3310
9008
412
2499
8561
9702
3333
7443
2601
3097
2224
6711
4610
1095
6693
2447
1587
7683
8736
1584
3305
9259
4376
776
8185
2684
2808
9130
2029
6431
1939
3101
4897
827
2650
4956
7435
9221
5371
3401
6980
3070
1616
2631
5396
503
41
3909
5212
9631
1238
2022
7939
5070
8047
7482
8634
8549
8435
4156
3748
2193
6163
1207
5092
6181
393
7634
1342
785
9145
7518
9954
6552
3095
4150
6537
5298
5594
1617
5837
8975
1957
3142
8276
3031
6123
6492
8703
5843
5571
8116
9458
6029
6039
9310
8177
5031
6018
9689
1830
3198
7279
5492
2433
3793
1728
2883
6581
849
6817
9241
504
3595
1371
8717
4704
2294
1280
1816
7366
7776
9746
2615
3764
9675
9981
1363
9642
6460
9147
4710
139
3694
1115
546
2298
5649
2195
9533
8362
9408
8342
822
9151
9873
4594
5163
1645
8731
7457
4603
2564
350
8794
4369
213
2843
5420
9122
179
3053
2043
2767
6514
142
6432
8279
9021
3587
4808
1553
8934
7914
2299
1264
9848
8315
8018
4836
8117
8379
6819
9240
7081
3628
136
4114
2476
2291
6399
3874
2176
7780
7519
4945
2005
5742
1648
4016
783
2201
4040
3318
2001
8334
7162
9298
6548
1701
8469
1810
783
3395
9222
1956
6904
5486
555
8026
8024
3394
3653
668
8713
3383
9327
383
2782
6216
8545
2669
4098
4215
9551
8783
2852
471
9077
2967
9330
5709
4855
179
9517
498
4171
1931
2097
7875
8468
1632
4317
4217
7201
5040
5050
4261
5066
5827
6935
9513
5469
1083
5926
8000
9709
6654
5789
7296
5706
7608
7139
2053
2318
4846
5452
1915
5290
4892
172
5583
8702
6234
7484
2088
1434
2242
2631
853
1584
7657
3781
8003
3058
2896
8294
7576
7621
8056
4058
2761
2566
6325
3036
4119
8883
4807
1543
8832
7277
9223
1956
7494
9774
7820
3498
2670
2703
8976
5570
6524
2871
6436
5675
3173
2441
5887
5419
5126
9655
6692
2286
2131
1865
2968
1938
5097
4606
8952
5620
7337
5373
4563
9957
343
3659
8477
1869
1531
9406
7613
9649
6950
465
3950
2312
2828
5961
1833
3320
6008
6465
1515
1408
4799
3836
7617
865
8620
3232
4348
5946
6874
7323
2915
9238
4986
8073
314
1817
8222
4572
2928
3808
2001
6351
2749
7537
784
378
8862
1947
6260
6519
1894
6099
9613
582
4550
1680
1892
6337
7036
9274
1181
7837
2244
783
5147
1242
1875
955
2839
960
1331
4147
129
8360
8186
8650
9067
2595
6303
9789
2612
2123
5276
4706
2692
2408
2735
6339
1332
9984
5317
1400
1747
5556
2585
7371
8689
9183
7053
6474
5110
8635
2587
411
5250
8073
2958
8212
2611
7857
2046
999
4997
7946
7354
1682
7758
6664
8797
4628
701
3867
5546
229
3752
2512
4644
1937
1366
5472
6508
8821
5953
5061
4053
4993
6128
1215
4151
8353
6455
473
2391
5017
1557
2044
4733
2516
8948
9076
2502
4415
1739
2972
424
1320
4518
6095
902
8450
3087
3528
1582
7882
1556
7691
7399
4418
8265
564
2777
7579
5440
7027
4402
8680
6158
9390
98
1162
6143
7592
4735
4386
7302
1716
9786
5949
4453
3509
9221
5273
6677
1382
718
1664
9950
9050
7843
3347
8277
1343
5817
75
6406
2087
760
847
8394
7894
9879
9977
2788
8714
7978
9299
6993
606
3891
1665
502
8742
8942
1041
9129
8959
8373
7479
73
4326
5875
1066
788
9129
761
7519
2889
6426
7121
9520
6102
6933
4412
2143
6214
6339
9288
7716
5299
5383
9222
5347
2094
2024
9493
3025
5372
7841
6432
5619
3354
1458
1490
481
7812
240
2648
3380
2320
7725
1961
1456
368
8373
612
6611
461
3093
5775
2257
2228
8678
6762
8760
9587
1795
1492
8001
4529
3557
8131
5544
7777
3723
910
9612
629
4654
3612
9731
5721
3792
8940
4294
3040
94
7138
5520
1601
4177
2585
2343
6438
4155
2799
6610
5212
9163
349
5622
8675
350
4465
4560
4454
4825
5821
5584
4186
1392
4915
6552
9900
8277
1744
1167
6734
2021
2053
4138
5559
3693
3372
9434
878
3172
2211
7102
6530
4865
2372
4285
4095
8456
3111
9004
6702
6480
5091
1131
3967
6430
1496
3538
2152
8876
1450
7828
7348
4644
2999
3291
8432
3493
3280
4777
917
3922
4257
5000
2372
8740
3367
9502
5049
3873
9840
7922
1610
8506
9011
3579
5386
3091
9008
4409
7458
8054
6374
2263
9066
42
9855
4292
9319
4511
4424
9653
4985
3087
865
7177
1288
1680
9744
4763
27
645
2430
9253
4114
1411
6010
6347
5669
4955
3355
3707
8173
6252
4419
6815
1874
5415
9907
6374
5637
601
3860
8117
7701
9989
7433
677
2494
102
2119
4916
513
5633
7093
8508
3569
1483
1896
2935
8240
1248
2744
6116
6233
7600
7940
2799
1568
9104
5514
6625
947
4879
4075
2242
5513
3237
6107
3269
9319
2905
1420
2027
2240
5790
7378
9957
2821
8373
1576
3428
9604
4752
2215
8255
7850
8133
1089
7625
2261
9117
4273
2413
5273
8555
5957
9868
4830
9886
1582
6505
5153
935
7489
3753
8954
7937
5594
303
9779
5185
3289
3479
8732
2202
690
2996
703
6500
9673
4414
1394
4157
1687
6327
7927
2273
4275
4838
2657
7074
9390
1274
1893
8951
182
4209
8670
1037
6728
4873
1486
1066
5332
5812
8950
7184
507
6264
3647
7180
3501
4120
7248
7146
6327
3596
2827
9955
5661
9752
9735
6185
6689
5865
895
79
2981
7342
2435
977
4854
6289
695
6292
5288
4209
2316
5537
9467
6345
8898
6195
1249
146
8950
1248
7500
2034
6328
5127
9085
1201
6164
9493
5556
6514
6415
2788
9090
2791
5587
7835
2055
5659
4938
9855
1759
9
6512
3257
5371
5694
6737
9319
7803
5465
8988
8399
5419
4464
7534
9770
8834
7521
9551
9311
8777
469
1557
338
38
4269
1513
5658
9838
6253
8100
9551
8590
1103
4225
6891
3062
5240
2705
2795
4114
2240
8216
329
3862
3647
1126
5646
9994
9029
5635
9647
8140
1545
6725
2757
6793
418
7912
4739
3044
9687
4489
4573
1598
3423
5033
6443
3971
1194
7306
6548
9559
3941
3363
2088
5344
9723
2684
8144
6422
770
1427
349
5224
8176
566
1294
3350
8190
5550
6392
6277
4602
5411
590
7804
4940
9788
771
8149
4357
8193
9894
6785
9966
7051
8073
8779
133
6508
2614
1232
7766
844
3761
4689
3975
3420
5386
2848
8709
9525
226
2803
7852
8241
7344
7156
2156
7502
5488
8813
1919
4876
9755
9070
2757
292
548
9646
2060
5940
3209
9768
2750
2842
3867
71
794
3265
2120
6165
5642
3022
3924
5984
8177
7995
8730
6763
9103
4735
3363
9389
1778
5914
1373
168
7425
7512
681
2659
7352
6189
4217
5082
6420
2051
7946
2071
4274
4164
8197
3026
6071
3579
5512
3177
2390
1401
5388
7620
8827
7474
7222
3049
9337
8613
1524
6677
3863
4047
2055
6932
9956
9649
3901
5920
175
1912
719
9343
1905
7215
4392
5605
3856
1838
8141
2163
4061
3478
9793
3838
7395
5520
5346
4754
6811
1223
4226
2873
1368
6163
6704
3638
5854
3723
841
7190
1370
309
1004
1788
3584
3995
2522
4627
5512
2813
7358
57
4689
6598
3836
4371
378
9375
9376
5796
5041
7638
8956
8082
5762
3560
3633
6187
5490
1150
2767
2950
1045
7708
863
6348
4669
2512
4902
7977
8570
9646
881
4724
7396
2064
8921
7248
1853
9624
4706
834
7793
4588
1361
6519
9006
4385
9846
2881
8705
2818
7898
1880
4183
7784
7251
5290
1536
5648
6314
1793
2452
9865
882
8698
3098
4185
8542
6295
5895
8821
3391
7444
8568
1342
6474
9654
1323
2741
3869
2086
2163
3095
8781
5265
2447
564
6170
7002
9639
2103
8468
4085
1838
4148
8753
5593
9195
6842
3383
372
563
5873
9544
8150
9909
1901
4420
1053
5819
8697
1780
9898
9292
7645
8629
7468
9426
8060
9318
9284
4061
9856
6962
820
2537
7582
2382
9026
743
2562
8896
5097
4411
2926
7235
4972
5205
9699
8639
3744
5596
791
5728
304
2703
3753
156
8915
8377
2397
3238
5136
2574
2092
749
4544
9852
3416
5938
4026
4149
4096
5393
7070
5466
4750
893
6465
3003
4793
6587
60
3374
1055
4964
7856
9137
3150
6922
1568
2472
6457
972
1051
1199
5670
4099
5471
9451
9334
2134
954
3340
8482
635
610
2729
618
8209
7258
3807
3573
2961
4000
3615
2510
9362
2830
6881
7330
7159
6909
7544
7007
6208
7808
2253
2055
1060
5093
738
6199
7013
1920
8450
3625
4918
6980
170
8703
5529
99
9391
945
5402
6077
7136
9182
5447
8897
5711
5373
121
6412
7323
339
9929
3757
4917
772
2421
2285
2725
9327
7215
9696
7002
7366
8660
6113
3223
2948
5765
394
4602
5040
2713
674
8226
8611
4922
3281
9319
4272
4916
4529
1190
402
9569
617
8284
5353
5178
1904
2390
2237
9758
9130
7590
9053
2491
844
7774
2464
8784
3245
1670
4401
5573
5901
4275
6862
5688
9439
244
1751
1843
4160
4415
9435
658
1762
6920
1782
4492
5896
5557
2916
4310
1070
6059
3616
9843
3638
1660
3404
4316
2996
7013
7691
9745
5941
7884
6034
5374
2212
7308
1588
6234
4639
901
1103
976
3016
8918
9446
8159
6897
261
2577
7968
8774
4187
8137
2027
5817
