596
9423
5006
6802
898
2272
6289
5530
9771
6219
2373
1918
676
6561
7043
8926
7944
6846
5286
7387
4528
2292
8448
8776
5574
9398
6684
8971
2991
7564
2738
4740
3287
2913
8215
5352
748
4028
8563
2767
734
4336
5795
5178
3333
6072
8605
340
5905
6314
7984
7079
4153
6475
2712
5645
5273
2768
3164
180
3460
6732
3747
9445
7606
1624
3999
5171
3345
2684
5886
960
6806
6643
134
8436
5380
8641
7605
1537
1621
2744
2637
4323
9994
5638
4060
2382
2587
1746
6138
3069
9184
2016
6107
5184
9043
7941
7153
4411
6685
6965
5680
6870
1582
5406
9571
9456
2161
213
9742
2325
7788
1484
764
5807
8561
3514
7566
1332
1588
3319
4328
3525
4209
2102
8538
8544
9117
6896
7892
1926
3747
6779
228
7759
6389
462
7006
9793
4530
9793
8963
4310
6683
6786
8567
3997
7568
175
7594
1830
7949
1115
9762
4120
4620
6708
7735
2207
3118
4305
1004
3059
5552
9166
6151
2
8649
2981
3846
6203
2539
1017
7550
5126
9167
1187
7334
4185
231
9240
8505
64
8559
410
8791
6777
3479
9411
9716
439
351
7402
7502
7935
6718
6744
6354
185
2750
1723
2271
4565
1615
6232
8711
5158
6177
7401
6337
4028
2082
7563
7871
1422
3650
5638
5619
7934
8250
2964
3649
7056
6882
7971
8772
2251
3513
8656
4504
8713
3423
1798
14
6293
1243
3059
1664
6775
2717
2691
8238
5588
269
7438
2190
5347
1411
401
8328
6209
734
7127
8201
5909
778
7983
3221
571
4420
4019
1984
5907
1597
5930
7637
7253
6150
3471
9230
6059
4358
5768
6982
9874
5370
1291
5098
2691
5112
9983
7400
2570
9503
8980
366
3866
9858
7729
5435
2111
3184
7870
7360
612
2781
8211
8299
9181
9982
5363
7914
7029
6224
6166
8203
3883
5691
8883
8080
5570
2713
6351
6745
2999
4825
5749
6810
6284
1928
6458
7822
9033
4378
9613
8339
1303
7924
363
42
3593
1488
6624
498
8375
4492
6130
2122
141
4080
6997
3684
9716
8997
5672
7229
3655
6101
131
7704
4989
7537
5510
4765
7237
1451
3966
6239
9683
6790
501
562
8211
3206
1712
1130
2680
388
5001
8949
8745
7231
1647
1235
9328
176
8322
2692
8546
1796
8113
3065
8758
5208
3947
9275
9651
7292
4410
2946
6786
3825
4388
4479
5869
2635
724
2907
8158
6674
6102
6780
1900
7488
2769
5047
4431
1020
1391
8484
9690
1869
9294
1594
6293
9192
6697
2134
2021
7281
9135
380
1589
6525
9197
3121
5935
5927
968
7965
2871
6649
6119
2000
967
7158
1419
5137
726
4471
3698
2478
9782
2707
9708
2011
1702
9708
5178
3556
1203
4847
9488
2456
2108
6307
9768
6795
8225
4059
1035
67
1468
5637
6988
2185
5998
5310
9470
434
1943
3763
3300
8607
7364
4551
7148
6896
2480
5685
440
7329
5956
9531
917
9549
9001
1877
7374
9560
9421
1523
7375
9696
4406
4987
282
1499
7777
7089
1810
4497
4697
7042
7498
2879
4484
1436
8987
9024
9981
15
8799
7467
228
7530
6425
5453
1674
5102
974
6510
1981
7504
3362
1630
9683
8565
4092
8597
2364
5515
1041
3726
5839
4485
5351
1913
6870
3617
2498
205
2400
7286
9967
7363
8953
4766
2511
6850
6889
9374
979
3540
5565
9559
875
5045
7063
1745
2412
7020
8140
5798
4672
8073
2311
7918
2682
3954
6588
2501
7680
2624
255
4033
7692
1438
6336
2437
7619
5267
9858
481
5506
9630
941
9802
4366
6091
4808
2907
7028
8105
5334
2136
4820
4255
3499
2935
9593
2407
7214
8081
2579
2671
4361
1479
2892
9291
6649
5072
3088
1543
7854
9982
9140
1614
6409
3587
7428
2987
8907
7433
1897
6377
8081
7031
404
1473
6089
3522
468
1856
1498
8864
1107
7290
6308
784
9288
2348
7519
1090
6595
2789
6310
1065
4194
1460
6709
687
1874
3608
4796
4191
36
7452
8952
3085
1848
9617
1414
9170
6492
6594
1529
4308
3372
2806
1441
782
1537
3017
5721
5861
8105
1853
7428
6928
4471
6041
4445
8976
9310
5567
1600
4544
2905
8440
5996
7318
8272
9981
5316
4492
647
1644
1403
9750
8491
6272
4342
8231
5874
6334
5469
7250
8317
9281
1274
1636
1519
9414
3998
607
5197
8812
8852
3830
2293
841
2286
7964
7191
8478
491
1355
5239
6291
2387
3834
9919
9300
6804
552
3237
4113
9203
3689
9614
7782
9392
3504
3395
7592
7938
704
5437
705
5721
5368
4701
5950
7958
3785
6713
1354
1351
3484
1890
98
587
8454
3266
4401
8307
1081
4911
1602
886
4723
9506
9189
896
953
5922
5825
5946
8535
5434
3619
2749
6943
8228
2750
4748
5875
238
3397
1371
3591
4063
1442
7113
1171
6627
3828
9006
6804
655
6628
1790
4071
6579
3922
1086
888
6450
8370
6227
1192
1674
5018
6069
9805
1952
8324
3036
1966
3655
8651
2944
2989
2063
8531
741
159
3396
904
5200
8606
9343
1245
8793
5181
8946
2954
2540
9563
116
767
9426
9782
5793
46
4142
159
7826
742
1392
3238
5032
3630
9739
3715
547
2930
3091
1624
7593
3871
7316
4016
2093
5896
5160
9287
5187
2269
8726
5949
8604
4618
5046
8099
1148
6622
6981
3169
5046
4475
8607
3619
6825
3031
1544
3147
8539
5595
6278
9746
1683
2216
384
2448
7910
6050
3845
5967
7802
9831
98
7609
1402
4859
360
3811
1895
3018
7880
9439
6952
8282
8240
1599
565
7946
1634
1121
1934
5386
3087
9102
6905
5521
7022
2949
1808
1359
3276
6198
9156
5036
2708
9062
9566
9534
1833
2141
4558
7954
7643
4015
400
5619
5661
4533
4063
6574
6614
9555
8513
103
9641
9605
6084
4791
2902
4439
5460
7311
5648
7914
9928
690
9304
2653
1976
2076
9033
2048
2097
3183
1313
7878
7657
7541
7588
5446
1101
7437
8773
4565
5446
6
555
3929
8961
6299
4745
8458
321
9372
7710
4060
55
7460
2931
1923
4100
6080
1045
4908
489
8580
7402
1937
776
8093
4126
2343
3636
5090
941
1084
9310
3840
6619
7448
14
7917
784
4407
3267
9645
4062
3152
2183
841
3043
7478
9248
2573
5398
5696
7795
9728
9615
3526
8491
2218
3316
16
6488
8335
3845
9984
8592
7362
4949
660
8780
7961
3754
7299
4730
6014
2944
2332
7612
621
4100
5358
2336
9799
9467
6669
5729
8007
1081
5392
5591
6159
8170
4347
4547
933
5954
7690
8702
4366
1662
4125
2673
6525
6363
7993
9335
3800
4524
2925
4742
2840
6673
7906
6147
5484
4399
3545
3738
3184
1085
7197
4815
350
6210
9116
2463
4821
5841
8305
9482
211
7039
5892
2313
9319
9276
5947
9026
9908
1692
8495
24
4253
1045
7138
84
1622
1524
4189
5571
8497
4290
9504
1230
4827
1517
5309
6850
5815
7030
8225
5217
7841
3188
1432
9344
4006
1587
4458
8713
9474
3352
5401
1406
9299
3323
609
1440
1742
1276
9788
8348
8246
2469
279
9119
7121
9264
2925
975
1836
5354
3258
7142
6315
4218
6074
6758
9045
3807
8408
4399
5025
209
5856
4279
9553
4031
9790
9148
688
4602
8539
4137
7879
8736
3881
1360
2661
2762
5280
1962
3614
8809
8249
8454
1828
8897
9927
1715
5020
3332
4504
3814
8120
3063
3482
9923
5702
9221
923
44
6892
6883
1828
4023
6581
4267
2555
1323
7675
2998
5816
487
7901
9901
9190
1821
1245
5822
5322
869
8489
2430
4029
9557
3505
3600
1368
6456
1996
4070
8408
7631
7150
4348
2911
4683
2361
7538
428
7242
4590
679
7407
2976
3189
507
7847
9394
8114
1085
6739
8189
8310
8714
8080
4720
5763
7683
2624
2286
3220
8992
657
3333
3899
2992
8098
7455
9642
6046
3
9105
9933
771
4164
6299
7919
9227
8875
5310
1200
8438
3234
5276
4489
8122
5314
1034
8463
1138
3440
2048
4151
8234
8472
257
4989
9992
430
9915
9345
540
1156
8039
4727
9540
5745
4972
1194
1231
9439
711
5512
1957
3382
4194
9514
398
2193
9497
5812
8057
8643
5061
1521
982
5909
9455
5964
7617
5867
9942
1480
1754
2622
8197
7399
4090
4158
851
5995
623
1328
1249
5819
1214
2696
2785
2188
7069
5730
3507
6803
1574
9749
6269
8485
4968
3652
8679
4829
9655
1963
2298
234
9626
5998
1136
9175
4415
3070
5331
4889
5287
5587
7093
2684
8938
3570
2498
3976
1920
8729
4505
1870
7168
5527
9691
1578
2565
4877
3644
9335
316
9056
7697
1557
5033
2231
2711
1980
7927
9615
4042
8247
4240
9620
5442
986
1179
7702
8704
7838
3978
7530
102
2032
8449
5050
4367
183
9403
3626
1789
6747
5662
3937
4375
3251
4022
618
2450
8844
6502
8694
4046
4952
7492
6820
5538
946
9984
1027
3522
9565
2988
2255
4719
550
5446
3255
2808
8490
5457
5672
8534
6122
7511
6048
2166
7559
4531
293
5446
6794
6025
9792
3538
5617
8394
8683
6170
1653
8549
1156
1144
1620
7391
9554
2715
7073
5406
8996
1938
9960
8666
1891
6039
3084
9858
6148
9072
6248
5622
4229
6738
2261
8425
6273
4037
8293
8493
9432
5685
7087
8897
7300
5652
9477
4802
7841
4030
4288
6077
5603
6549
4288
1024
4130
4466
7104
7794
7505
335
8206
9211
5723
8197
8980
6219
7198
5089
6684
4885
3131
4502
4646
2039
2700
1341
453
4993
5049
2314
7073
1505
3940
5239
6867
7195
3575
5740
1264
8916
9573
14
9519
4292
7399
7913
8385
9553
1622
1460
862
71
3307
114
6174
639
9568
5548
5055
5365
8866
5565
4148
322
7960
8867
749
5605
1624
9806
4547
7246
4175
5049
6067
3669
2696
2074
2515
5741
5409
2838
477
4308
5068
4607
1479
4183
6510
3963
809
8931
9481
9262
2221
6537
2759
1495
1110
2052
3251
3389
6601
9649
4185
1840
8610
3184
9868
9359
9414
1310
529
6024
471
463
9724
4663
4369
6642
8463
8462
8603
4793
4831
1999
2644
2826
5139
3842
2212
5811
2878
1255
5016
4745
4708
5316
372
3444
8469
7813
1026
6538
6876
9635
9291
1365
1901
4071
1166
6639
9121
7422
1521
1121
8343
3622
558
6329
6657
9223
6864
8233
2746
9972
5108
4329
6763
509
7137
4051
8358
4239
3604
2492
6565
1297
9598
9665
9169
8740
1742
116
5873
8547
6189
631
9177
5863
6548
6931
9189
1999
8386
3850
3780
4163
2184
7283
3466
6626
9827
330
1183
6082
602
578
742
7348
1487
177
4153
4204
3036
5503
7231
4190
6602
8565
4972
5474
789
8062
2981
8530
5074
3980
8960
5278
6322
5993
8709
3620
9596
2557
4386
5811
8081
4574
8896
5028
8198
4749
9155
5636
5083
1374
2762
9172
468
3164
7091
9862
9703
9985
7210
612
7163
2830
9191
2841
9646
5269
8340
1262
5418
7688
7687
7804
2604
5172
653
7179
4323
9599
3275
354
9542
6624
5521
1108
8050
8657
8361
5225
5098
5584
3036
1436
6284
6099
1670
8217
6102
3757
3852
717
4172
3588
2081
7736
1645
7024
97
9448
6525
5178
2026
2835
712
3130
6979
3230
3491
728
3322
7184
5832
8662
9163
4024
7434
2079
759
870
3732
7855
8557
8613
3233
5761
1337
4461
6482
8277
2568
9973
6751
8525
9460
2222
9074
916
4459
9705
8668
4503
967
3921
1954
4722
9893
2185
3434
5265
1350
7124
9452
8130
6271
3611
5557
6572
5988
4396
7596
2617
3969
1591
7938
8114
2776
2332
7296
5822
1068
3457
9514
5024
9993
1812
1359
4269
5684
3955
1897
2451
4736
1419
6323
8237
2495
5483
7271
6983
9823
8411
2581
3813
2574
6530
2236
1211
9453
4171
8776
9669
8123
6498
4869
229
6532
3563
8935
8592
6205
7553
4685
1340
6980
77
3329
6327
8099
6681
7759
779
8886
1203
6534
2749
3339
3605
1713
3732
6856
938
8656
2920
86
2738
7812
6432
4410
8843
8214
8060
5896
9818
9875
1643
9784
7557
7655
8973
5497
6408
2252
1296
2968
3197
4962
6976
4700
7921
1571
2584
4365
5542
7352
9859
2001
3318
9497
6297
7885
7418
5526
2912
2018
7164
6222
8685
3858
5212
9456
7577
7339
7195
6915
648
9602
4914
9179
2744
7886
3063
5858
533
7989
600
6582
6240
9415
4424
5496
9320
6884
4789
6647
6548
5220
9025
121
9505
4790
2558
9139
7295
7682
3966
6434
1459
552
3866
4208
9550
8725
5799
5683
3549
7486
962
7884
9468
815
7616
4632
4809
4762
325
5947
1318
2584
3801
5072
1466
1414
1026
7134
8443
5678
5619
4106
1088
817
3938
9181
7172
1946
3275
9925
659
5984
8708
3649
1254
2565
2643
319
7359
8532
7900
8044
6818
3191
7309
3639
3354
6680
224
6172
420
1754
9091
4423
8362
116
7273
238
5217
7994
2711
8450
6306
2097
663
640
2790
6328
2774
4405
4832
1618
9022
1951
674
6172
3723
1915
8979
1022
6699
6057
8126
6296
5933
8165
2796
6888
8656
5932
5158
2327
3601
7821
5199
4547
8409
6024
2407
9003
2612
3497
8836
9096
8472
7733
1840
1267
9031
6488
3285
8230
5192
946
866
824
1383
9985
6335
4780
2398
5122
4874
7230
2408
9512
9665
9283
788
5891
5746
5155
8422
7812
7702
5437
2441
5648
6385
1882
6970
3897
949
3813
2401
9121
3783
1681
5938
8494
7568
1648
1727
7381
5696
6119
9765
621
9506
9095
8921
6283
8424
1948
950
2509
1963
4754
9160
7805
5781
644
7489
2601
7487
5877
3243
5265
1760
6211
9424
8858
8468
1050
662
5890
1941
346
165
7084
4351
5741
3706
6718
1196
6578
747
1526
2336
3544
2035
2310
7705
7459
7680
7440
2853
8486
9609
5239
5842
1441
7571
7874
3611
6233
8407
2843
2961
8511
4166
9384
8511
4562
5843
6218
7627
6199
5991
3921
195
5933
5288
9920
9317
67
5238
6596
7550
7536
1624
3354
2151
5264
1085
1567
1915
6637
6231
7346
7677
8260
3084
768
8327
1600
8327
1830
4252
360
2807
2708
552
1420
2084
3187
3059
7101
4402
1058
1225
9122
1413
2152
3304
116
7220
5276
857
6882
6855
5815
1623
598
6192
7960
2030
3221
1471
9656
3245
5936
8095
6194
7537
5122
5169
8118
4944
3642
4400
6586
3781
407
9353
4675
2326
9167
3848
6238
3213
8265
6335
4880
6490
6698
414
4369
2094
8231
409
8374
7588
4555
4844
1819
2373
514
5
8318
5347
9276
405
8170
8974
2995
2836
9245
9068
4991
6034
8680
6277
2754
8449
6785
2159
7199
2528
5806
84
2493
5108
5267
8730
2537
9962
2495
3858
4681
407
1641
2295
8651
6973
6994
517
8794
7531
6735
9122
757
5107
1403
3592
9484
1578
7285
1250
4020
3860
8699
4016
6054
2877
4746
6758
3320
4593
5438
1343
6055
6674
9346
7262
4532
3996
9904
691
8388
1139
351
5235
3906
234
7878
9186
3746
8098
6048
6161
4664
7478
797
8205
2755
3376
9378
3062
2393
6944
3512
207
4660
6221
7737
3450
3361
5146
1364
1437
1907
9661
7903
1231
2335
2490
8822
4287
8486
6254
9560
8605
9025
7895
4397
5623
2358
6130
3406
5502
4730
7602
9066
9843
4862
6724
2325
6596
3310
8827
7923
7969
2399
6143
6577
8423
3075
1430
7295
6565
8296
4555
6516
1655
8693
3264
2041
2749
5159
530
8784
6071
4716
7359
266
4123
604
1745
4472
8248
4840
1613
5175
4872
1690
1952
218
4526
3477
4164
6285
1849
5911
8653
5731
4286
8763
75
4741
6927
9110
8356
3691
1063
8587
7534
9945
4395
3161
8873
540
1562
3757
4209
7227
4708
8763
529
9102
5080
4891
6928
8797
8367
1200
727
6531
8411
2140
352
2686
6214
9439
8771
3565
3742
9354
2798
6924
4945
1372
351
3548
9597
6769
9885
8653
9121
618
3643
2208
7361
8848
9155
435
3463
2666
1377
1660
8428
6349
1350
8458
1736
765
5844
4624
9500
4237
6491
9867
984
4396
6224
7316
6098
9540
5429
8968
2432
5653
162
1999
6798
5743
47
4502
2834
1429
3994
2678
3254
2835
7756
2740
2545
1726
8554
9894
3531
4601
8446
3607
9127
6946
9959
3115
8793
7250
4597
9583
7759
9520
7303
1694
5890
6013
7654
9576
2254
7734
1656
7860
875
8778
6377
2535
2966
2087
3298
7730
994
8380
5315
7991
365
7039
6588
8826
5182
7652
4055
3267
5601
3502
4397
5046
5622
3825
431
9602
1806
9934
6511
2597
5380
1390
3351
1876
2454
2366
8907
2848
9678
5014
3387
9211
5552
6241
3342
578
828
6625
1829
6119
4957
5383
9150
8612
9379
3252
1331
6481
2605
5988
1656
2301
6502
4731
3831
5038
7949
5951
4147
9846
5169
2880
3912
3648
3376
2405
2786
6910
147
6234
8255
2019
6920
2811
6395
6534
9364
6956
4359
5159
6034
7459
5529
7798
1663
9012
4191
2251
8727
3721
7740
9229
8517
9222
921
4210
842
4924
8451
5414
9703
5285
9416
9604
786
9175
9363
7814
5514
7370
3653
1211
5465
6001
8790
3232
513
2396
6720
7917
3752
1161
860
5935
6399
2583
1553
9163
6251
2465
2970
1887
3992
2380
3103
1714
2656
1964
3431
6086
6916
380
5057
934
494
2360
3706
6468
1972
5317
6817
1315
1536
7989
2157
364
3788
7739
8875
3476
4673
3223
8717
1983
3740
1480
7254
7373
6537
3647
2393
1892
5721
1510
188
3929
3664
7863
6036
1985
3770
7274
2694
9823
2486
264
5256
1898
9122
3126
7199
2657
5933
7658
932
5363
6692
9955
900
6240
7949
5036
7212
7464
3562
4594
3015
8192
9699
8413
9417
6288
4485
6145
7569
4622
3759
5017
8772
4931
1957
777
9913
9089
5083
3740
3368
2342
898
9140
7621
5575
26
1155
7281
3986
471
2967
8925
7703
7226
986
2246
5794
8092
9992
4362
8918
6618
7360
8817
7389
3152
8750
9799
869
5386
4698
6416
3046
513
7399
1480
9704
2123
9612
4185
1383
6293
3145
6297
2511
3010
2624
7068
7246
995
1367
2899
8647
6284
110
4014
1761
7519
6058
1853
3147
3789
9261
7743
9057
4080
5675
5485
1976
913
1463
7960
591
4600
1001
578
1325
8679
1927
2458
601
1575
4120
9602
5692
4286
5911
3003
8621
8996
109
8615
1962
8908
4398
5430
7562
5327
5551
2523
9238
4000
4591
5853
8330
9114
453
851
6602
9953
3050
7408
4444
2228
2702
9689
3594
3324
1845
4450
2655
8312
6629
7980
582
1498
570
3601
8012
6451
9802
8818
8781
6013
9564
3578
4380
2614
4644
8910
2128
8370
2193
8211
3876
3904
3978
1872
5769
4610
6562
9562
1185
3156
2094
3529
8341
7442
9472
562
1260
3917
5454
9870
7817
7214
8009
9084
1362
8361
9622
826
3116
5522
6600
7844
919
3153
1527
5554
6214
7732
9886
7089
5196
836
8669
7351
1972
3219
4268
9436
1226
6745
9343
8908
5436
4603
3484
8804
7007
4006
519
1032
8788
9777
6052
7855
7422
1662
2453
525
2725
3002
4946
842
2860
3454
1630
5357
9458
3891
2350
1291
9033
7300
6168
7833
7069
5519
4843
6426
8935
8013
244
8883
7462
5505
6858
2748
448
8297
6690
9162
2609
6312
2790
9698
5562
5562
9307
5115
6352
3576
573
786
9666
4583
9049
670
1451
3743
2105
4143
1926
8568
651
7731
4143
4818
8353
6866
192
3645
8809
1121
896
6485
9503
107
6425
4336
5501
6159
4630
8429
2998
4296
1121
27
2583
9511
85
8106
4826
6419
7703
5001
6229
6503
610
1785
1888
3776
364
7054
2324
542
1054
5131
5827
1111
1337
2238
4431
2822
4023
2119
1142
550
6054
5782
8406
2963
9207
3584
2967
6248
7200
1701
277
3767
8005
9171
2331
8156
1103
6174
6500
5740
8198
8999
9283
1845
2473
2186
8155
9554
5854
3812
6719
3771
5933
5508
3237
7099
4238
4911
262
3909
5340
4528
3596
4307
1916
7658
2052
176
4367
9000
5657
1403
4804
4830
8787
1551
4325
5215
6505
8741
9377
8642
6882
9301
7686
7667
9449
8898
6765
2678
89
8232
8313
9734
5660
8196
9972
7578
7426
2386
1843
8409
981
3292
8927
6715
1769
2085
2222
643
9520
1031
612
694
1971
1741
2853
1314
8118
2200
3987
1935
3836
355
3347
5373
8304
2363
1923
3142
7819
9102
5339
9204
4826
5436
4906
5942
3796
2931
3361
8745
2374
8159
3693
8486
5758
5590
9239
4387
4577
6150
688
3297
1774
9984
986
5225
1901
4677
2238
9165
7089
8283
9689
7657
7525
9831
6584
3352
684
8706
327
5907
2814
8264
4690
2937
8184
8370
5057
4499
6484
6144
3696
6548
6425
4149
9867
5207
4051
503
5183
295
7577
5925
8152
3543
6692
8635
3014
4196
3126
9172
7125
2303
1085
3711
7963
7859
610
6269
5586
2225
4363
7277
8847
6740
8429
8474
3989
2288
753
1788
2412
2747
6601
2942
313
4689
9031
8869
6680
5484
3804
1747
7697
2055
2364
1420
4986
2924
3561
2273
2319
6903
4675
290
445
2804
4915
923
2496
5908
96
8629
3060
8524
5450
4550
2484
4011
4644
9609
4201
5839
7011
6515
6955
5899
1692
5681
5696
9149
6966
6799
4611
4911
5365
23
3231
8648
369
8073
1947
1892
8434
3340
6323
2148
879
2152
604
9054
3837
1686
9553
7854
770
3731
4300
6354
1408
3478
2324
6872
2904
831
3831
470
3923
6351
6841
6760
8
3863
1096
8870
9068
7032
6551
9895
9106
7723
5636
4034
6424
9888
9772
2941
1453
3836
9655
5386
1074
2315
5736
6230
850
1558
15
8932
7941
7640
2769
4315
5641
862
8163
7184
3433
8681
834
1509
2296
696
1471
4382
3536
7646
3176
8689
902
9964
1982
4573
9917
534
4269
141
5416
504
1012
2564
8167
6693
3832
1777
4041
4023
610
315
4775
6700
9094
4449
7569
7347
5331
3782
1927
4242
72
8711
6043
2952
314
7775
1745
139
5071
9781
6599
4165
4137
8850
4063
9194
6132
4003
7822
6946
7421
8793
4334
3016
6663
601
8484
2674
662
3710
783
4503
5973
5007
1011
8854
7277
6294
2399
2119
7937
2557
2519
7143
320
1272
1862
4658
3519
3844
8794
636
3870
6612
23
9636
9382
5517
9038
4792
2541
5481
1024
994
7307
2809
1765
8941
5115
6547
9667
4269
1646
2594
4672
7781
759
2610
5125
9878
4552
8252
3844
4764
8804
148
7617
7720
1181
137
156
1807
5573
4784
7115
8723
9631
7938
3211
2222
4219
225
5723
1510
2805
3709
5665
6298
6066
724
7797
4872
1967
6882
3300
1426
4412
9579
4424
9161
4174
5025
8691
1209
4291
8726
1368
2327
8347
6658
8816
448
4147
6967
2060
8720
7178
4890
9466
5425
7921
6854
9760
1329
4633
3193
1801
1403
8505
2791
5477
646
1238
7089
8913
1754
6060
5374
754
5785
1909
8028
2732
5621
7155
9516
6919
6043
3530
8274
4146
3537
3222
6403
4899
3558
2021
8059
1665
2922
9289
1805
2208
237
1110
8814
6504
7846
6473
5793
6207
4600
7545
8757
4413
3
4218
1394
5220
6723
9965
9628
7125
290
734
2233
1648
1936
1163
5863
8762
2913
2639
1684
3636
6440
5968
9992
5056
6426
7256
8589
4428
505
9458
556
5733
8634
3558
7065
997
7421
2757
1324
2912
4756
242
456
6056
8852
6116
3106
876
770
1881
1957
41
9776
1521
1947
5060
6352
6662
6951
2198
8660
9549
9994
607
4330
1669
4597
2327
1036
7699
7822
3355
6055
4197
8722
7334
7155
9927
9512
8584
4613
57
528
9154
6853
9601
4265
5404
291
2377
8189
3179
7342
624
846
7113
5201
6840
835
8763
2033
3931
3641
379
6491
1868
7011
5921
1105
9090
1625
8613
45
4712
96
4831
6945
3242
4024
7363
9097
6922
5777
7223
152
2111
8955
2100
4659
5184
9064
1260
4259
283
3847
1235
7189
5997
926
4034
9818
516
8922
9722
1412
5158
7071
8242
1054
4279
7520
1099
8698
5543
3895
2176
708
8269
9579
8324
3924
9162
9170
4619
1266
4112
7026
6243
6229
1943
7485
8729
3210
993
2404
1061
5564
2257
2987
1543
3490
3426
4496
4649
9482
6625
4466
8193
9841
8903
7244
4050
7042
8606
314
2407
9139
2639
760
9033
9277
9337
3403
7454
451
9149
5714
3047
8114
697
8421
4072
5941
2870
4872
5425
8178
4582
6703
4530
5290
2577
8103
5184
8383
4248
6095
4392
1810
6787
9614
9293
2723
6226
5897
6108
905
9910
8729
727
2197
3760
9410
1014
4043
1356
7974
4201
2248
5261
9144
8867
3908
2327
4786
9887
2661
3744
2214
6478
8890
7520
5605
8011
9320
5734
5965
9597
7583
1472
3666
9655
9734
606
6361
4597
6457
1775
4258
1615
6765
3845
4197
9102
6351
3871
3752
5692
7442
199
6644
3133
5980
4679
1187
5221
6307
5203
4184
4891
3086
4760
3692
4249
5184
6042
5476
7762
6434
1255
9544
7159
3798
5249
5181
7664
4279
6329
5147
9127
8147
3193
2289
2321
7503
8325
4728
245
6056
7846
8998
6580
8058
5385
4020
8675
1811
2800
2659
354
5897
3744
1740
670
4302
7023
5862
8319
52
5425
5153
7833
5570
2304
2160
2936
2021
2566
8487
4439
9200
6898
7510
4931
2123
8118
5514
205
441
6314
9941
7799
2003
5103
77
6334
2498
4751
2502
5474
8929
9211
844
5183
5884
3139
7033
4731
59
1910
9093
6435
269
2269
8773
6443
7348
3842
796
5093
720
1992
4384
2284
6225
688
6829
9167
2759
9954
8394
5986
3760
6271
7540
7400
3150
5853
5616
750
4427
88
523
9887
5828
9691
9580
6909
4171
9023
2847
6936
4878
4994
9511
6444
5916
5444
1547
4019
8998
485
904
3469
2192
6443
8658
3177
4330
6177
7221
2262
3041
1404
9586
3715
5104
2364
2756
6964
9867
7670
6110
7552
3983
2504
9212
9540
8387
6490
7787
7067
6544
3437
1014
5099
6359
4021
8066
5798
6791
8946
6923
6190
4248
4563
3892
4848
3129
5121
7951
150
9482
5794
93
345
6708
8513
4163
6139
7474
8206
2337
9805
6539
536
5362
920
5083
3477
4940
7754
8321
4119
3228
5043
4646
9016
2338
3470
6372
1060
4926
3470
9284
8380
5477
6175
582
1083
744
7300
2617
9821
6946
5539
2811
6047
782
5654
8568
7671
1115
7863
9638
5311
8242
9349
9406
3795
8084
761
872
709
9348
438
2715
8839
2712
1723
5760
2133
2452
4254
427
5503
2554
8387
1269
7171
1347
3005
5600
8560
938
892
9393
811
332
2585
5096
8851
4030
9146
2874
3670
1079
6649
8832
980
3130
367
1274
9708
3819
4583
8761
6947
6018
4765
1779
6945
7908
2465
3246
417
3620
9672
1688
7115
9300
8612
5004
8891
798
5031
1964
2766
4971
7822
3256
3469
2539
5550
3796
2756
6826
906
3288
8460
9343
7385
2556
9646
134
8624
9047
5542
8095
9719
6084
4944
4037
1601
6956
9720
7209
4059
6704
700
4150
364
1622
6790
7333
6641
8900
8406
9822
2057
6574
4549
1408
1751
7043
8689
1060
2971
5714
2470
366
6352
104
7775
2700
8471
3643
7072
3257
8843
2765
9201
5814
4429
5524
2710
3091
7315
4816
1739
8937
6770
9642
12
2197
5150
3297
7026
4119
8209
8334
6692
3368
4318
4256
2863
5373
3812
5440
7956
5597
9217
3565
670
9519
9468
959
6246
5687
6415
8699
8066
1999
9856
6049
2527
9527
8146
5879
49
2688
5052
4057
3862
9311
9901
9526
4769
9235
7330
5732
4486
5514
4975
3401
2340
7972
2285
9283
118
4887
1324
5377
7704
4953
888
8460
7732
8273
8578
232
992
2129
1540
4301
5513
4541
5549
7403
1384
6221
3763
8730
225
9409
1120
3084
2917
323
7606
648
1722
452
3836
8622
3247
771
5386
7717
6821
2102
8049
9570
8825
4326
4842
9446
7266
6893
6990
2377
2454
3197
5325
9799
9020
1770
5609
8076
1736
7955
1119
9960
2587
751
8519
4900
9351
874
8489
4414
6628
7700
922
4258
8658
4733
5558
6027
9549
5537
2853
6961
605
4617
6632
8280
6337
660
9588
9121
411
2775
5043
5314
339
3852
3589
9641
4996
9045
1145
2965
2215
1494
5821
3705
4644
1907
4537
6442
802
3344
6785
9188
4872
7695
2134
2808
3108
5685
145
5383
6984
8004
6178
8953
3166
1135
4280
5988
8274
7844
8791
8185
1963
8894
9611
740
5376
9558
2172
1137
3199
1728
2070
2628
6719
67
6048
9138
2060
8482
5554
79
2572
1470
6465
706
6776
3389
8709
6065
3654
7525
2530
4349
5157
6005
3904
8504
1788
1078
213
3315
853
8007
8753
8898
8568
9963
4788
466
6556
5689
3014
8618
525
1397
6040
3943
3867
9423
6247
4734
1767
7455
2822
6779
2073
3871
4049
9826
7557
6598
6075
6123
534
5250
3250
2668
4823
8863
1898
251
1932
4431
8897
9227
8074
4700
8794
4017
6083
7159
8391
5853
1674
25
5654
5904
6568
5191
626
9117
2000
2511
9637
2355
4879
4639
476
9176
5398
6674
5485
7540
9339
294
1488
6093
472
7770
425
9213
8483
7246
2128
1036
5645
7072
1230
3839
1166
3558
3442
6751
5479
3530
2557
6649
8106
314
8463
4229
1737
9388
8145
4784
2074
7807
6237
4997
7663
9769
9002
4194
6496
9158
5809
919
6432
8787
5153
3456
4651
5179
8021
5949
7296
7216
74
182
4225
6734
5470
6727
5346
9253
9402
8168
4424
3413
3494
1447
3411
8420
8011
5950
5394
9798
7514
8911
7048
5138
2097
9956
2147
3108
4601
2163
6099
1025
5318
7870
7755
8523
9615
3655
8812
7436
632
425
3001
959
8760
1313
6970
8298
1923
2247
2246
4602
5923
7457
3037
9784
2002
4939
7713
3974
9631
4965
2779
1851
6110
8062
6935
2828
984
7610
9333
9190
2505
6168
580
9664
5426
3961
7219
1622
4242
2568
385
1143
3687
6800
7258
6489
8746
2982
9424
7209
9759
2426
5870
8061
4277
4739
9434
4174
6258
6796
4740
1520
4906
9704
2438
4603
23
7891
9321
1546
8068
1567
6374
5235
3293
6240
7148
8040
1328
703
6967
6776
8330
8006
9451
4039
7454
2214
567
1814
5826
7545
2028
3350
9371
5358
5189
9686
9961
8867
3872
7947
9146
5013
9460
9534
5438
7891
4510
7664
7558
8344
1721
5398
4379
9934
3545
7230
3389
2324
4010
9585
3406
9322
8374
8187
4020
299
8128
3131
3772
556
8550
5719
1430
8237
3543
4643
9893
2943
7781
2939
223
3830
9352
1287
4128
3097
7024
7676
6757
4131
5006
8257
8167
2231
4668
9289
986
9862
7060
5452
3862
7662
2265
5564
5139
7080
1642
2716
8876
423
6808
2219
5786
9354
4894
7375
4974
3423
3001
59
8455
6117
6084
393
9344
7034
1534
7328
6351
5361
646
9927
1748
1556
1813
7281
7307
1340
2850
3563
2919
8453
126
3540
5553
441
341
3033
1990
4766
6738
8247
7421
883
5269
7700
3357
7654
7862
561
2571
4424
9238
5583
5804
8422
1020
5559
4846
721
1803
3249
9241
8006
4732
6043
9364
7524
4738
8314
6913
8290
6041
2321
4933
2347
6798
878
3438
6183
1824
7492
3413
3808
6215
2674
1506
9875
2398
8268
103
3279
639
5202
2609
9174
8360
3887
1770
15
6759
665
9643
4352
4164
8135
1416
5438
4328
1982
1738
399
4409
2038
1384
4724
1823
656
4176
6112
1295
7248
8912
6366
3464
3813
8718
9923
4256
2664
719
2877
9805
4174
2233
6894
5211
9341
5753
8296
6652
9270
3957
3772
5440
1198
7666
654
9515
8672
4224
1537
2541
1601
1152
81
3312
543
48
7352
8454
8321
8734
5698
9586
1280
5390
318
2028
1938
7088
6969
5913
4553
6455
7970
2106
5217
4541
7685
4779
8522
4896
2901
9603
3484
3808
3222
1611
2524
4247
1454
9554
8567
6590
4260
4211
7016
7460
8880
6615
1314
9131
2607
8314
3058
5877
7876
9986
251
330
7314
6492
148
2515
9932
6234
6398
6522
1720
144
3664
4987
1377
990
6796
9510
4615
6779
5728
5926
8566
3014
1779
6971
1166
7332
5777
1267
9093
6569
3534
6821
1788
743
9613
9227
8473
621
5978
9653
9600
5511
8248
5340
4182
5818
8501
5831
9656
457
310
1407
1483
2721
8617
6376
5600
9433
4314
8694
7954
7285
1046
9201
1915
7181
9571
8242
6117
2040
3285
4830
2418
6094
7044
3648
6102
3975
188
8196
8186
6080
3930
4146
2743
2580
2617
5605
556
2279
8252
8364
4034
4031
7678
8486
7389
7845
2256
1583
339
3
601
8016
3216
1518
5906
1887
6305
2070
797
7230
6495
2230
4255
3005
9847
5182
7121
9709
9581
5451
4994
4242
5157
6193
9892
6456
9613
8508
4957
328
9136
5909
9713
5056
965
4616
6878
6544
3151
5648
5612
7725
2432
7830
185
6960
4565
1771
7561
7343
4807
3649
2122
6173
4910
4170
897
3085
7022
2511
7992
7352
4152
7194
2707
9741
1512
5891
1796
1975
2953
3972
2679
7320
1973
7226
1079
9098
7331
7640
3501
69
9158
2416
2253
4499
2646
5408
8312
6474
2902
7107
5192
2571
6326
3982
5263
4355
1031
476
8393
6286
1236
7297
1726
7682
8297
7779
8487
3104
4118
32
3182
4166
1041
6347
387
7180
6002
2913
4324
5277
5719
2288
6878
694
4015
8238
2438
2746
1964
7603
8901
9694
6497
6641
5575
8190
3356
9954
367
2264
5827
8544
554
4932
1549
9798
3765
9407
5900
6287
8366
3640
1931
2133
5338
1455
3636
5413
6967
5868
1475
2560
1154
5399
6465
6068
4055
2114
1950
9902
7832
953
174
8019
4828
3496
4154
104
4218
5731
4066
5248
2273
8632
1320
8643
2807
2367
2798
8598
41
9848
2392
1157
2197
2955
6860
7457
428
5301
8299
4555
4361
8632
6071
3958
2507
6119
6903
3293
3024
4675
3032
5656
7957
167
4810
8075
1945
3961
5937
5172
4613
6536
6661
6689
4383
4134
2656
7782
293
7348
5108
9209
7540
6337
510
411
1934
6006
7121
2290
8264
5855
8650
8041
7565
3451
4787
9785
8817
7532
2450
5959
1176
6565
1281
9396
3978
1301
1835
8882
3013
5294
5151
7613
3279
5681
7953
381
330
7609
8602
7643
4666
9599
5099
8623
6149
3900
7928
7564
8368
5383
7332
6868
6064
4910
6767
8429
2266
8279
1653
9743
5623
9795
5337
4558
2554
344
2210
8726
3335
3434
1310
723
5971
9069
2399
2843
6833
4579
513
3474
2405
3567
4307
3051
2234
8938
8084
6313
9154
3719
7394
1268
9249
3806
3279
963
625
67
831
7554
7050
3352
3579
9447
9777
4873
6416
1388
8474
6133
6262
4190
74
7137
1469
5551
2565
8969
8103
5907
9270
6970
3633
3555
8024
3768
6374
1468
8768
7146
1985
4128
2577
6399
6801
6484
4894
2193
1374
8712
5835
9214
6640
9834
840
7882
9411
452
5645
1332
3540
9870
572
6450
7998
5671
504
3282
3369
4512
8503
5427
3847
1267
3062
5085
2632
9971
1204
398
4867
4062
2246
9418
3692
5314
9962
4577
1859
532
4060
3925
3415
2621
5451
509
7423
7930
3586
9296
8437
4932
8325
1799
6483
244
3233
2204
2687
6726
2005
5167
5363
5010
4772
4716
5363
4164
6474
5726
8816
9409
5191
4263
9988
4806
4329
806
6915
6663
8920
784
7746
9043
2927
191
6233
6186
1443
137
734
7962
8874
3101
2219
3471
1877
5383
3313
4879
3665
4804
2183
8194
4501
43
2209
254
1771
8173
808
1501
1825
9932
8534
2227
4938
8063
2600
5976
4212
2660
7396
7495
9010
8854
8190
4233
3593
6432
3251
9755
2054
8006
3907
4641
1323
2197
1671
5450
5080
982
6529
5145
2712
5810
681
9030
9139
5401
7630
8654
3264
9250
7345
2462
5098
4740
4435
5977
4185
2541
7748
6224
4872
4482
6606
4799
7161
448
1051
1485
5407
6024
849
5641
991
565
780
5732
9203
6212
7798
8312
5074
1891
9000
6532
7657
2861
8033
4810
7314
5494
1559
695
6038
9094
6708
7160
6469
1370
5061
8534
1352
1864
8654
1159
1493
8099
8710
5453
6914
2517
8394
9504
2902
4384
6724
5618
9892
9722
1984
282
3707
4102
9455
4893
636
7647
86
9310
9950
8941
3890
2802
5067
4725
4191
7266
3383
5243
6708
5731
3904
846
408
5137
1341
4149
5525
6092
5052
3348
7731
3922
1324
6642
6532
4691
7902
4644
194
7080
344
7599
9160
6004
859
6846
4843
6701
1577
5449
940
8612
5877
1233
9915
6878
3353
6534
8246
5496
6281
2911
155
250
8018
5785
1046
1453
6689
3521
8697
6195
721
7806
2362
7315
6298
7355
7377
1652
660
4968
5578
3236
9337
8707
9955
8051
9812
1624
5269
5756
8972
840
5101
314
6705
6031
9728
5872
3458
9401
8609
6428
5271
4094
5818
7839
5813
5640
6708
8532
1298
1529
9366
930
816
7289
4923
9036
1543
3542
6710
8894
5620
7447
9372
7710
3031
3635
5602
4303
2749
4327
9929
8245
2592
5631
6111
7568
6802
7215
7161
5251
9158
5524
4696
2792
8609
6485
7456
5175
3868
2261
7113
5240
3175
8041
3249
7107
5538
9046
8321
7608
164
5016
7771
1959
1487
9270
46
4851
8233
2090
6225
994
6318
3688
9180
9780
6993
280
7808
7166
3643
7908
2652
4150
2898
2551
5499
5274
8324
1830
6975
2486
7841
3096
3006
9383
9249
5113
3093
8352
1747
5643
818
8497
5192
5281
9722
5296
2962
8636
5746
3968
8798
7570
827
7212
2713
7646
880
4607
6218
8112
5422
5320
2436
7857
5390
7970
2456
4561
329
1512
5264
1984
6048
8819
4940
770
9088
281
5456
1476
4926
8200
380
4603
2660
3962
2059
1345
160
9150
2440
496
108
8505
5601
1485
9203
7478
261
875
9895
9517
9082
9831
6464
8621
383
3012
4982
801
7082
5193
9783
4039
7097
437
7394
100
9247
151
2617
3123
8770
509
388
9293
6961
6820
1379
9107
183
2232
8934
8755
4485
868
9825
9942
3424
929
1617
8128
8352
1628
4913
7625
2350
8884
9685
8197
1308
8658
1052
1949
8209
3522
1349
1127
9595
7587
2149
7158
6399
7278
2043
8785
4844
628
3356
2467
6959
5701
3785
1336
4406
9579
6960
9956
3787
2940
9310
909
6355
1672
9305
5778
152
6187
9133
7487
8010
1147
8167
3180
529
3190
2223
6792
9223
1854
2508
8314
1296
9437
3433
2386
4241
8782
9000
2294
5331
4100
3351
6698
8426
8839
2251
5508
8052
6367
8757
8212
8626
3741
8149
2622
4938
6229
4320
4560
8478
366
2217
9300
3071
6361
8732
3715
2441
6417
7424
4063
1729
4157
905
8031
4848
1751
8327
1317
9580
5568
4439
8354
2749
8233
1008
3981
8517
4799
974
7927
3864
3437
666
6718
6663
6495
5649
8321
3406
6092
1323
3246
5592
9514
272
2106
6082
3576
4528
3688
9300
3874
2417
9506
2052
4351
6488
453
4979
5000
1071
8749
8140
657
5542
3618
8110
1839
2025
2352
8077
9345
4379
9291
6933
7984
8658
4056
8083
1170
3922
6929
3829
7373
6275
3644
6555
1438
8299
4086
3649
8690
683
9365
9168
7307
2797
9575
1523
5053
4140
196
3168
9633
9239
8507
5211
8106
4364
2667
7147
9703
5661
5201
9507
8090
4759
9466
5097
3692
9750
2428
2755
4035
6523
9560
6020
219
7910
7970
8009
638
5790
2068
2893
8828
4407
1967
3870
941
1495
8589
7272
9767
7489
1047
2555
6421
2106
1223
8324
7908
1886
7678
5218
8575
1882
6026
7580
6158
9641
5760
7079
8619
9856
4097
3196
6213
3630
5910
7384
4391
7151
5047
4
7010
750
6412
1754
6065
860
68
4158
3726
4126
8335
6947
4768
5091
4328
3647
2679
6297
5762
567
722
2377
911
8477
9972
7778
4634
789
9994
1121
1057
6798
4242
7904
6172
3600
1451
7202
7884
5785
6376
7387
3350
7622
8059
451
3361
8542
1505
4490
1416
9050
9066
9129
734
821
1185
9229
5906
1737
2234
8087
7140
3863
6063
2527
4156
9974
7677
8764
3625
2125
1914
9731
8780
3994
7429
1695
2320
7206
4391
393
4074
756
7332
4685
2964
1731
329
8758
8855
5025
353
2316
3527
9525
5977
1831
1677
8308
2933
4957
2156
817
4980
4491
6927
5671
8455
7928
159
3807
1494
3507
2763
2987
4453
3996
8266
6350
6263
4918
4376
9643
2653
4861
884
4071
6013
1668
8551
4251
3438
9790
5590
3691
9029
912
8004
3409
8863
2072
7553
2844
2246
2911
6471
6032
794
6462
1156
191
7725
5927
8032
8312
3301
3256
3515
2111
8844
4039
6627
6837
872
7195
7123
4753
9080
7281
4270
9906
6590
1823
1362
2749
8716
6031
8914
9583
6834
2501
5098
8373
7327
4051
5446
9528
1641
3715
5077
7427
2404
7107
5809
6146
2307
8848
7376
660
6963
6564
6694
3088
336
3086
1598
1992
1485
9896
5816
1650
4341
2627
79
7337
8052
2490
214
2098
3995
5826
6798
325
7015
7705
2583
3473
2635
4489
3229
3700
9061
4541
4094
1907
2625
5934
879
7681
8015
4895
4683
9983
66
9015
2709
9083
2242
4763
4294
2187
7974
9752
8182
7493
4994
6347
1046
3997
9505
4748
9164
7269
6551
440
4796
4625
5356
3044
6402
6669
3513
1042
7080
5978
1915
9579
8799
7899
3098
6591
914
2855
9282
5926
228
4351
2783
4736
6425
1941
750
6468
1097
3848
8153
71
778
9610
7864
653
4395
9159
4307
6734
3402
1101
7633
4541
8455
9584
8671
281
9969
6099
1023
7251
1142
9907
5561
5775
1103
8242
4323
518
2721
5489
5371
1464
4325
8623
7475
2003
7093
4800
3709
7
157
5804
5985
5507
3664
3179
8353
1618
5918
7395
5511
3791
4547
4106
4366
6076
3152
715
726
2131
4339
6783
240
3000
7178
2611
2564
3284
2187
1301
389
2302
9734
933
442
7035
8383
5201
1879
9240
8196
2735
8571
9979
197
7693
5717
971
7350
6723
7942
3712
4207
346
5566
4047
2182
3
8111
2089
4799
5526
9241
4720
2678
1655
5359
708
1123
6361
816
6527
4098
8175
6348
4299
7194
4554
3725
2022
8707
8337
8865
165
2367
4798
7675
8095
7441
7492
3754
8353
1934
7100
4752
6782
2477
3864
4654
1711
44
800
2558
5989
4196
1871
4618
1501
9693
6580
4721
7026
8498
5
1235
6720
6990
5234
1650
8392
2962
3328
4353
7806
9455
4515
6875
7694
2821
3105
2996
7898
537
7817
6820
6145
225
8621
586
7285
5121
1013
4371
2532
2779
8721
69
9247
3208
6210
9087
6076
9814
3117
3040
7919
1531
3730
9393
97
7390
5984
9481
1362
5312
6094
4630
912
5496
6904
7202
5502
4890
306
7295
8847
3419
6685
2590
7086
4458
7219
8326
813
1768
8103
6780
6349
2617
9279
791
6341
2121
4089
3818
2517
6988
428
9831
1488
7784
8428
9958
7852
7606
4472
9186
7544
1623
6474
5662
8365
6315
668
7203
3929
9460
5961
4424
1889
1901
7867
7628
7228
9993
401
5007
6662
3182
959
3062
736
4738
160
6204
6083
4784
5939
1428
1474
3955
8706
5718
7822
2832
2359
8292
4047
7026
4091
7269
7915
278
4482
396
3284
8289
8216
2523
3054
4094
4895
8269
71
1779
8882
6948
6686
9063
6903
8224
7280
868
2203
1193
7127
5380
4467
6649
5220
1268
5409
2112
8332
9807
993
1904
8518
8386
2554
9998
6485
2597
743
1681
8843
2497
8213
1165
8091
4913
9182
6199
396
7727
6666
7461
7711
3979
1016
58
7565
3294
6632
6809
6020
5676
7256
8133
6671
8019
4080
1399
1349
6823
5043
3319
6221
1556
8168
2606
366
1855
6570
6534
2567
8333
7830
4256
6076
1144
5862
1774
400
2670
9077
8330
3786
664
4716
1613
9992
6062
5521
9715
8218
5252
1584
982
5582
89
7188
9100
7417
170
9690
9579
1853
951
5137
5613
1628
8221
3165
5763
7881
4076
1945
3314
7806
2107
2511
7293
482
9803
575
8133
2911
4300
3145
6744
1390
3606
6684
4362
1679
9112
3346
1969
5144
6836
1901
2294
6998
4218
376
4453
7129
6448
8121
1130
3576
1356
6078
903
3667
4716
5337
3725
8072
8409
5717
5946
8586
2387
8081
2302
1320
7619
6380
6251
3161
1252
7973
6726
853
7153
3709
8974
8871
4634
2451
9434
4357
5743
8250
9834
4847
6743
2205
3626
7231
2628
5230
8693
4467
4385
2353
3832
9932
7531
4023
2995
7977
7007
4905
423
3238
7883
6120
1904
575
3546
2549
2215
2123
3041
2867
6493
7864
7061
6305
3717
1391
7711
6788
3846
3077
628
2070
6167
8732
9301
2748
5421
3015
471
3621
3928
3377
6450
7790
2512
2082
4803
2076
368
1010
8434
876
4185
6357
9365
4398
9807
8089
7693
6391
5518
2089
3119
5936
4637
1259
203
7627
6509
5569
104
4579
9235
13
911
9098
4502
3742
5889
6538
4738
3260
3969
8935
5478
7521
9636
6305
1311
2973
9991
5168
2066
2188
5235
5828
6994
571
5054
2177
8628
1805
7484
438
4728
4218
8685
6103
6258
7046
1799
1571
1680
7670
530
514
3067
8374
8426
8816
7439
3872
7980
6105
7587
8960
4625
6342
212
8944
9418
723
5646
4276
824
1225
2611
4723
378
8523
3586
7767
9191
3739
1120
539
2294
9503
3152
4505
5623
2111
5871
7373
6088
3268
5910
7268
8618
6830
9806
61
5323
3248
7558
1930
1008
2001
8837
5735
6136
208
4965
1589
3035
3819
7105
9118
3693
6313
1299
1346
7735
8672
3941
7886
7384
3539
7093
8151
2115
5944
1622
3723
9475
2741
7597
2618
110
3025
5541
7263
4470
2129
9280
2244
5767
2596
865
7551
8884
6479
814
7925
7658
4702
2319
9222
3659
842
6414
8196
7997
8673
6161
3034
3968
5059
1858
8108
2421
2420
5973
7938
3603
7844
6075
2147
8934
9152
6367
5327
3702
1765
3612
3123
6958
4039
1192
8663
8023
2870
5868
1428
16
5889
5370
4105
9500
1274
1416
1590
7974
1344
1928
335
5302
1485
8294
5531
7347
1655
8371
8228
133
3768
3582
4443
641
4573
8948
3536
9988
312
8160
3695
8207
6385
1960
8249
1081
2531
6947
7690
8568
1650
3679
8800
1218
8237
7526
4080
5735
658
2987
1773
3272
17
2463
9261
4435
7163
3350
281
3053
8589
3197
9552
6777
1414
1209
6678
6255
7400
5840
4975
6298
6054
2407
9766
1725
7307
1747
5064
7889
4881
737
7169
782
2585
8206
8591
4555
7050
5230
6031
4801
2071
7087
1644
4513
1737
5267
7702
5802
1726
1826
969
4575
803
5133
4575
7258
7416
5569
1977
8316
9504
2102
9751
4865
9184
5848
3340
9991
7776
4659
2674
9478
817
3629
2596
7682
7155
9963
6425
6956
989
7091
9660
1655
838
2152
4810
2147
4765
2976
7669
6389
6961
5586
9940
6719
6770
877
3076
7270
7600
9635
3435
3082
9798
8308
9392
5427
8557
4113
6941
9120
5154
6897
1502
6664
7463
6961
103
958
3525
2577
9979
2997
232
8270
6680
3502
7654
5110
7278
7746
8410
7264
1941
958
622
4790
260
7669
2457
1328
7035
2075
6023
6699
5941
8120
8508
8693
8472
7333
8805
5345
9874
9697
8629
8868
3393
7799
8095
5048
9101
7362
7145
7439
3798
7879
5773
3915
4064
5510
8040
4316
5377
6697
7091
1768
6410
4963
995
7048
9129
5323
2137
4862
2081
360
6088
3286
6423
9577
9412
2758
1636
8934
9706
9025
661
633
5325
5194
2180
4132
6696
1694
1218
8164
5899
9308
7846
77
6311
9725
7813
3229
9454
63
8224
5327
1966
2676
5981
654
1581
9236
6671
6922
7375
8537
6807
3118
6186
798
2885
8197
4065
7290
6594
1675
8888
3072
6698
6320
7862
2353
4608
9941
1564
481
2454
8055
4325
3996
9596
1664
9345
275
5943
4709
5729
1326
8208
3925
3815
2058
8242
9745
4580
1951
1014
659
8748
489
3437
5041
1249
923
4265
3769
7135
3992
9591
4270
5726
3062
8061
1510
809
4840
4907
4371
6058
5258
4099
6423
6454
8455
3482
8598
8504
7854
8667
7491
4281
2275
7566
7114
6931
6721
9027
3792
8169
7056
5751
3616
1518
109
3880
9339
8556
5932
8994
8960
9281
6894
1057
1353
1860
9114
8893
5261
1471
5306
8109
6700
2745
4557
5130
6459
5389
3755
3944
3687
7982
7463
1486
3806
633
7844
2215
8994
3234
3957
2363
7271
2357
174
9571
1916
6529
6801
4200
6319
6533
2054
4468
685
4712
3490
8723
6069
4793
8694
4707
8070
1681
9578
7419
7274
8876
2005
4336
5983
9677
2598
9173
1123
7211
7601
3107
1352
7425
4417
5456
2338
8693
5092
4141
7933
1422
2377
2
6534
1170
3291
7960
1332
9147
2084
2375
319
4709
4418
3562
6945
5495
7185
7331
5135
2138
3916
9694
3039
6211
3989
4417
8271
1949
4966
1986
3720
4634
1290
4696
7066
1070
9324
4127
8983
507
8229
4019
4767
7555
8554
3715
1602
2183
5559
4761
8997
5730
2286
5981
3075
5977
8167
439
6346
8841
2583
1023
3334
8981
9184
111
9028
6727
6018
2733
1479
4118
8561
1988
2107
8575
7579
64
7235
8727
1445
8159
2247
3283
2982
3824
5365
464
4215
4853
1480
2480
8514
4632
7785
6824
8521
5146
1955
3730
9987
226
574
7043
6185
3529
154
3970
4922
2773
5635
7702
322
4252
1550
5722
4564
9348
9213
5802
511
7853
9174
1102
4805
1247
2015
5606
2386
2798
2082
1188
7654
302
8144
8028
4499
1632
2193
767
7323
2847
2574
3878
7789
3561
467
1006
7557
4521
9406
4727
5534
7883
5908
5098
9280
1557
5616
7701
4111
5177
3368
4398
192
6723
7533
2986
7438
5665
8631
5110
391
580
9766
5326
435
6659
1736
8057
637
1230
8804
3317
9363
3518
2050
6563
2349
8200
6037
2774
9387
1009
1022
3
954
8642
7390
2969
2222
4506
1143
3052
6666
6505
9326
7018
9211
2931
2046
3162
9314
7851
3429
220
7669
7853
7254
1330
6317
7962
4304
2632
887
5652
7531
3670
5401
8424
8006
4651
4600
2185
9334
3846
6167
4836
739
6931
5294
1834
9309
8904
7110
8319
49
8383
8212
5381
8354
3520
7185
6473
3224
8574
5390
3602
1178
244
3534
1969
148
3304
6588
6011
9874
5737
9455
9421
319
4651
8462
6657
2439
5562
9240
3705
6270
9272
9830
1387
9775
2573
8963
5408
8109
1248
3388
3504
7078
6425
4830
1536
6406
8279
6721
7211
8161
4248
3188
2181
3172
2479
7958
776
3628
5041
8799
6285
3121
9612
3937
3824
6423
2797
471
2179
9976
3007
1217
5662
691
5923
5670
1063
5023
979
2791
4063
2464
2979
8179
4070
7661
9031
5863
6426
3118
7281
5437
6112
143
612
8519
7705
9095
5405
4651
2136
1270
2756
5670
2047
3860
7136
9273
3986
6235
5348
7098
7532
580
6893
9948
8511
2366
5340
2962
5945
6480
9173
6547
91
2979
9690
4620
1981
2370
3055
369
3263
4076
3312
1117
8811
3327
3305
8122
3570
1110
838
4185
9406
8976
8106
1783
7344
5549
3468
7116
5546
4384
5977
941
3549
3456
4703
5347
8932
5019
6897
6725
3373
824
1251
9126
1291
1763
5186
8906
5723
2885
7894
1091
2924
4445
4181
297
9283
7117
7599
4128
1571
4881
5237
5037
4307
2179
679
7356
6046
2896
6105
9856
9812
7512
9270
580
1525
1291
6216
9939
4323
805
5931
89
5923
8255
8919
3481
851
3082
7650
1117
9254
8177
3198
1534
9254
3617
9041
4848
409
4345
9927
2246
1645
9411
1030
297
8255
9515
177
1103
9037
6459
3813
3933
6459
2801
5648
1264
9838
2530
5370
2380
3974
3901
3722
601
3417
3689
9337
6066
5588
8099
2218
4534
4369
9282
8521
4150
9443
8040
1362
6274
5647
2618
2831
3602
951
752
3013
8569
1237
7078
2945
7769
5026
892
9701
3554
1538
9856
3470
2285
1012
3676
8491
9816
7094
8089
1902
8683
7275
3501
7244
8253
8869
4577
2181
8543
4816
6706
3273
864
5704
2836
4106
3553
1869
9466
6975
9038
2139
3701
2425
9312
3864
4288
5446
450
2251
8209
1871
3235
5677
1090
3637
6199
7678
3986
6945
9416
5595
1333
3085
2231
494
4878
7724
5793
2896
6192
752
1708
4101
6029
5498
1471
3458
2232
3018
7374
7784
9148
4502
4555
319
576
2367
5562
3126
5194
8564
3338
8598
8036
6800
5911
2916
4196
3919
6207
6685
1173
4519
3416
5732
4442
2023
8107
8131
6798
8921
1899
1851
5752
8612
3923
1131
4838
1435
511
8671
4083
7823
1627
5032
2089
2248
7364
6275
7169
2663
541
5763
7817
1456
6886
6340
3436
5606
2573
4620
4664
5681
25
18
8922
5604
6770
7306
879
7685
8874
2992
9409
326
47
2640
2301
9039
9829
8323
7520
4884
9440
2868
5109
8361
1898
307
6986
843
3728
9956
2800
180
9244
4960
8824
1828
4793
4811
3365
1966
9555
5316
6637
4477
1550
8834
5153
9343
2375
2204
785
6065
1811
9706
2397
2054
3973
3663
3632
2561
9931
5840
3866
5705
7845
8653
601
3431
581
6404
639
6805
2480
3238
4279
1954
1523
6327
1458
1188
467
9903
1274
2354
700
8207
6655
8307
5547
3149
4069
7538
5530
5533
4114
6474
6723
7074
2594
3711
4727
4134
3254
6567
1022
3047
2736
690
5530
1272
5508
4250
9011
8190
1531
9165
1656
4293
2268
3245
9661
7803
1236
8733
9865
3239
3787
4688
3688
7402
7044
2972
5452
4357
4995
120
6934
2541
5632
354
9555
3898
6723
8142
7915
7073
4300
2277
3601
4133
3302
7275
6137
3019
2901
2016
8755
5991
20
72
266
7709
3311
873
721
5244
6403
6010
7778
6357
3651
326
2751
1637
3802
3205
152
739
6987
1446
2199
2901
8282
1492
261
7129
6750
5398
8495
8035
2243
1909
1011
9160
3589
1289
2867
6789
803
116
6860
3789
877
177
2679
4767
1379
3803
2308
1007
8621
6502
5727
6041
7465
6605
3969
469
7977
755
2349
7712
75
3587
5307
710
1111
9658
5703
3323
2831
5825
5661
9111
3634
2648
3055
4543
9164
4108
7643
3270
9323
5954
3442
3021
2618
4341
9519
6958
9367
8061
9546
6848
3732
9639
1676
6305
870
2836
4147
8520
9455
6689
8768
4398
1819
9126
3994
3831
3597
6397
1644
4944
2258
8096
6453
3597
9293
1373
5683
8161
3888
2112
6772
2635
6921
5281
4590
4571
2827
1452
6339
2907
3500
1599
1304
4854
2744
7625
4752
246
2005
1837
89
6419
8113
4605
1084
6573
1599
5728
6422
9870
9782
1761
2164
2018
2244
8456
3768
1019
7626
4763
8259
3876
9682
2451
8865
6625
7472
3265
8973
1784
9243
3783
9598
4500
2042
6653
4752
1055
9482
5706
2070
1169
8141
1639
1808
8579
9098
4375
5991
2738
4806
8002
847
8194
3120
4303
9946
7130
9653
1248
2430
4957
6846
3563
684
8361
3146
3501
4329
219
8499
1294
3016
6016
3009
6389
8730
1918
4073
2557
9405
5595
3514
2237
9628
7006
374
8052
871
7877
6867
2340
3273
5428
4687
8770
3326
7984
6424
3610
7013
7565
2089
8088
5885
7304
3961
7391
4386
9546
3858
6369
324
3930
5719
6722
6817
3355
2964
5592
3237
9789
4456
844
4770
1148
5119
4056
5009
5115
7241
8242
3700
5678
6358
3699
2218
3438
1194
1994
2666
1261
633
5070
2549
2753
1923
3750
5954
2186
3394
7485
3829
1025
1869
5085
551
7988
9627
4421
1290
6706
8290
7559
4848
7489
7344
6680
9659
7412
3113
5242
6381
6040
9979
8349
9159
2444
9376
6008
9011
2856
3681
3123
7063
7304
1491
383
2357
7873
7983
1004
8853
863
9055
9237
8852
32
798
7931
5626
8373
6421
4103
6257
1417
1267
3367
6827
5948
2786
6431
6019
4143
6382
3399
9913
4720
9991
4536
277
9420
9889
9376
1061
5295
7773
9557
2906
709
4460
4626
3507
5699
8707
4197
2434
5376
572
4299
2625
8474
7536
552
7184
1759
8111
5869
9346
5077
2146
5795
5496
1072
9136
325
6022
8258
5898
7018
6382
6045
2830
6620
1331
5569
3530
9027
8456
726
6062
4376
3331
9689
5391
1361
7505
8358
5573
2417
2248
3700
7198
3344
5541
6731
246
3156
7134
2006
5064
8438
6689
2947
4449
5371
2953
37
8014
1703
7765
1994
5903
420
7233
8419
2718
6654
3895
6043
4088
9428
7864
9762
7673
280
2019
3892
7631
1474
6153
8737
6547
7554
7647
2471
1669
5352
1735
8602
2928
9177
2699
4807
8659
9895
8440
9845
1194
8886
4801
1381
8612
443
2721
9106
730
9089
870
4283
7233
1481
8742
9038
3227
6131
357
6072
2932
7970
6729
2279
5281
8964
5981
7773
6192
435
3684
5198
1020
7528
2318
2911
7266
1337
8064
9566
1998
9625
5103
6993
684
2762
2529
2834
4055
7560
6571
4370
7546
7979
1357
179
3403
8376
4718
6873
9065
1900
1629
3961
6635
3922
6818
1149
7360
7976
9788
8792
1909
9588
43
4112
1951
1579
7666
2839
1011
2967
4552
8410
2955
2400
4594
8571
4538
6249
6892
2338
4438
904
4679
8563
4926
8628
4057
1105
3919
6387
868
4568
4540
7507
1077
8863
6488
6663
9885
496
8569
9812
7458
3417
4521
1933
4649
2460
4932
7172
353
8042
6472
7865
3282
1572
5944
1280
4804
7289
710
5423
6293
7641
8950
8212
3896
6237
2886
7502
6051
4429
5659
2994
4198
5063
7795
4877
5146
9662
2415
8212
4320
3378
9227
6539
2737
5406
6117
2945
6955
1219
3765
1930
493
7033
3016
817
7240
6129
7026
5132
2224
1389
133
8457
2808
8219
3295
3540
3807
7366
1498
8149
3366
7651
2061
6068
2502
4512
3959
968
152
1437
7404
8413
7277
7873
9776
9197
8141
8973
8722
5433
4214
9702
5725
9289
6321
8219
3779
3162
3633
1218
952
9197
3917
6957
7539
5513
8002
79
8290
6333
2907
6012
2767
3197
2258
1716
6259
4966
9670
3874
881
4913
634
5214
1512
4329
1128
4621
4023
3328
6586
6888
3903
1238
3248
3570
1820
904
4930
7227
8938
3509
2216
7552
8835
3104
7792
9364
4831
2956
1175
9246
1149
9005
8463
9744
3884
9270
7860
7464
3094
1881
9770
4140
413
8552
972
7826
7572
4775
6060
4704
9964
2812
5679
715
5954
8608
400
6187
7028
9198
1035
5943
6057
2853
1093
2021
998
259
4742
6026
9128
1343
4110
3408
2575
9038
3040
2509
9356
8206
549
7089
5365
5251
6121
2220
1867
1504
711
9951
9894
1393
1895
2900
7679
4609
8899
1143
9747
8
3478
91
6600
7830
5542
4867
2095
5947
8229
9735
1542
5362
5748
9482
7297
9886
8710
3353
230
5080
5885
1131
4819
1901
8414
5261
2777
1216
2284
2518
5221
6389
7607
3702
6107
2462
8685
4
386
2114
7139
335
8702
540
1504
4708
6774
3679
575
4977
1648
6776
4546
5747
8883
3212
7508
5017
4457
6708
7241
6310
2669
3543
3379
1422
6639
5291
3027
5694
1148
6680
3690
5746
8508
7708
6970
3009
6896
3851
2931
5047
7189
3351
4218
671
8683
5926
1097
4141
6311
2992
3409
8388
1964
5482
3123
7097
353
1703
1610
767
5463
4324
9112
2386
7138
2539
9910
4245
8551
2732
5689
8614
4419
8553
1253
1459
6679
9234
1345
223
9074
3149
4630
3775
4566
2192
1114
5110
9854
1346
2204
5086
9379
6993
8440
8548
7172
6963
8506
2588
8633
5114
4580
335
5922
3281
3263
2672
30
3892
8408
4602
9775
7215
2003
2594
2980
8238
1946
4149
7961
9539
995
1111
3998
8124
9510
3777
7997
6199
5665
3724
751
8109
776
9491
326
8253
4051
693
1932
7706
673
3004
3380
477
9444
8515
2725
3864
1398
3458
9995
1189
8765
7984
8069
9382
4450
762
8702
8302
5825
4542
8450
3498
3006
7482
5834
9171
1046
9059
5452
3502
7510
8676
6952
4267
1740
9702
6794
8603
9804
1603
8542
7210
9569
8087
3065
9880
3678
9718
3480
6198
4264
5343
911
2587
2177
7852
6239
4387
5231
6270
9874
9615
4508
8018
6295
9247
5109
2259
2617
7372
7921
7729
736
3435
1924
6125
784
7912
