1646
3473
5553
12
4874
7129
4928
6726
4979
4537
9540
9470
3308
1748
7022
9920
7061
9966
8222
1227
7762
4436
5921
9153
7466
7494
4576
849
212
7684
4913
6597
8341
6216
9424
5475
8092
6602
4813
2046
6610
3266
5253
7387
2932
168
5964
4521
8837
1034
66
5227
1532
8641
2918
2485
9095
1823
7214
416
1247
5313
9034
1463
2697
9373
9680
8786
3495
3279
707
340
1142
9153
9821
9996
2094
369
3480
141
6112
1853
8011
9748
5529
7914
4724
1573
2898
6969
6193
2351
4735
1505
160
124
6084
5906
4783
3681
521
4428
3913
6
2849
6519
3935
7049
7222
6910
4341
723
1745
3496
2620
7047
1677
6860
365
2573
7287
1495
1509
8895
9153
268
5526
9850
3218
467
8130
3327
290
1917
9482
3048
9807
5049
5279
9564
5704
9577
9200
3859
3003
2476
6158
1397
7305
7348
4540
9242
5845
5900
2220
3949
7970
6313
5479
3363
4917
2534
2199
1113
3661
3163
685
8688
7261
8554
3292
6245
4574
9961
9685
23
5559
5143
7983
1127
4441
706
3331
7791
1950
2619
2473
749
9580
2876
9823
9321
3332
2043
5208
3939
1788
4580
5974
9465
3502
6227
6459
2398
1689
522
5984
4300
9985
4556
2454
3159
1630
2420
2421
4237
5895
8545
27
2024
9729
2040
6652
5293
9704
7527
254
8010
9180
7525
8439
9840
8231
6406
2070
1343
9419
6174
6934
613
744
9877
9328
49
8233
9332
7803
4262
4505
27
7281
2665
6447
7558
3693
3237
4597
6746
6977
7123
9253
6747
7778
7299
3425
2834
8513
8335
815
8342
2608
8451
7694
8250
6656
9536
1237
9331
8995
5559
3255
389
4797
4894
7485
174
2138
7481
652
9827
5696
3461
2388
1330
4756
5959
6714
3417
31
6976
8307
1542
9406
2097
65
9191
6194
6571
4560
3561
4750
2689
894
9935
7326
5924
241
5450
2988
5197
7823
4891
4071
886
6495
8149
8173
2665
7243
1482
4015
8134
4871
2459
7636
2361
2971
1466
1292
7870
858
1111
1274
4438
6560
8457
2336
8130
4195
4079
5887
9388
1123
6201
6248
725
55
7805
4316
5601
4047
9544
766
1357
7722
1506
1610
803
6393
2485
7304
8946
5836
6212
2935
3662
9397
251
1033
1712
5839
4716
457
4354
875
4780
4509
64
7692
3084
8935
5390
6914
5554
5778
8792
4486
6907
2227
6466
6674
176
4479
3653
5044
7938
5476
9650
681
1622
1891
9867
6107
9296
146
3685
5448
1560
3425
2537
8217
9898
1695
8698
9761
1671
4509
1593
1891
1264
2062
5098
518
7379
3370
6232
3197
2398
1727
2969
8437
895
6674
6441
311
858
8555
725
6501
3009
6505
1620
5193
730
3148
4334
6496
5516
9659
8850
6942
634
2954
889
1481
8724
2729
5842
5971
7442
9825
2826
4550
925
8960
6114
570
3866
8281
1563
6733
9268
5344
6421
9989
590
4188
1861
9393
3930
944
8994
602
6094
6093
694
8967
21
9912
3610
4313
9848
3915
6916
4398
4105
5172
7051
742
7032
2254
504
124
4783
1279
9969
7334
5454
8021
2694
9959
9237
7375
3715
3980
7820
4610
763
9716
141
3770
2165
1253
5026
7373
3772
8960
9879
8101
6074
3854
8637
7579
8049
4681
1449
9535
6
3380
3214
4618
3705
2299
8002
2025
4386
7008
1655
8664
5970
1808
5404
64
7688
1201
9214
8516
7630
9439
4750
2926
6328
2036
4356
1865
1375
7677
4231
5876
2281
6252
7127
7692
3326
8996
2292
9317
966
9622
8186
3026
1538
1150
6461
9353
4441
1761
4173
8810
5770
4382
4788
5749
7448
8954
7577
2071
7313
3399
9312
5756
6338
9107
1758
4147
152
9468
3437
4783
3428
5446
4309
7176
7274
471
7678
7397
1819
8036
4388
3591
8380
9299
644
4613
8219
4736
2226
5840
7825
3394
4714
5971
3803
5693
1435
6051
4048
843
8284
7359
5667
7974
7309
7881
4292
820
9025
8062
3886
9431
6762
5274
899
8780
5057
3029
1751
3408
8089
5337
7985
9211
3449
8806
9187
8403
1187
5091
9748
1329
7963
4140
1919
9250
1426
4289
4244
5556
457
8718
1414
8963
2813
9062
8884
1117
2862
6004
3138
2828
8630
3589
6455
7641
9140
8688
3163
8832
196
9543
2959
6082
9146
7674
5679
1046
6933
5514
1048
6842
8803
8136
6431
5070
3375
1165
5347
5421
3504
8564
9627
7111
1319
3321
8466
8469
4161
1333
8368
832
7746
3730
8971
5573
7802
5723
1113
8556
1702
726
5116
4643
7142
6892
9252
5913
5793
9513
623
1241
6045
6780
3283
1563
452
8294
1294
4713
275
5405
7686
6076
1665
9988
3750
6459
5462
3546
6978
6562
5283
1737
84
8217
6699
269
8029
6183
3617
6961
4717
686
6675
1291
6157
119
2474
7143
2241
5370
1761
6655
5046
2103
9280
3124
7551
4955
7978
8674
3033
8126
5469
8092
2039
109
1222
3653
789
6412
8807
7012
2156
3042
8719
3337
7948
5264
3798
9717
9112
659
1058
4577
8708
2885
854
7386
1014
2696
6778
8180
8961
5769
7376
4651
1248
2650
3870
435
9975
4774
6423
2023
9349
1888
5151
3275
6174
472
1131
5912
3191
9767
6891
1560
7054
1877
5544
5922
3775
5114
2632
8463
5779
5150
5007
1682
6386
6942
6596
2413
9483
1395
1824
3921
4429
4723
3602
1608
8834
5138
4295
7016
4727
1087
4912
4537
6885
7579
9839
2739
5563
2301
1910
7516
9760
1253
5334
7450
1265
4361
2033
2691
4210
5162
370
7416
9623
5077
3868
2514
9576
2001
1549
9539
904
4975
831
9134
4202
1587
8513
7176
9806
2382
5338
9704
8845
7065
4859
3297
4065
546
7879
1079
2090
3021
9614
5709
6088
7137
7923
9867
5361
7089
7413
1557
6327
8980
6056
6318
7508
9154
8073
855
9734
7384
9262
3040
1557
4755
8697
1241
9056
1896
3779
1994
8640
1793
3997
8714
1278
2858
2424
5761
6635
2138
2985
1549
5993
5596
5818
1555
3591
2244
2700
7155
6987
1599
9407
8962
8427
9363
2140
4055
834
4561
715
4862
3991
2477
2055
3760
8792
1593
3728
1543
9987
9535
8771
9730
775
2503
9817
6457
5817
5091
2703
3164
2709
2465
7134
4602
5897
4975
4735
7858
1044
5940
2887
7013
2443
7056
6107
8817
725
2203
5394
1330
3316
9736
0
1892
5401
5318
5348
2927
4924
2253
5463
4154
1163
3923
8206
7570
2743
3407
6852
7203
7614
8672
2097
9090
4495
7802
4456
8193
2528
7678
8198
8040
3507
1212
4454
5749
8926
2826
2944
9817
2308
9172
8880
531
5825
2293
4039
3221
8993
5390
8761
2665
6476
7131
4637
2940
1389
9089
6088
762
354
2259
2640
1912
6584
2872
2781
9761
7717
4738
4501
2072
5821
5226
7320
7309
7990
4643
5469
4439
7337
4244
2196
929
5799
6420
670
2023
2155
1690
7863
667
919
1056
3956
1538
382
8997
1325
4481
931
1925
3922
2389
8053
9291
66
6066
7880
9654
9010
3903
7048
2067
4441
7378
2721
3868
6119
4305
3145
9596
4219
538
3851
2167
9628
7385
9716
6669
7445
6393
8492
9169
244
5357
7130
7791
2262
9411
8242
991
5611
8871
396
8413
4886
1177
2571
3020
7048
7663
81
9310
9368
7202
6542
1295
9387
7818
4039
5710
7336
4246
1565
401
3281
4115
2
5264
8359
7941
455
3179
1918
8450
1563
1473
4111
2871
599
131
6548
7785
2591
1660
1989
9895
1507
8871
7733
7628
7618
1102
6354
7896
5544
6454
1748
9499
8238
7409
8066
9712
3132
9960
4036
3372
8063
1760
5456
4459
6209
3167
4124
8568
1252
6110
2430
979
6234
9669
8940
9060
2189
7934
1839
9638
5523
5294
3909
1692
6310
6648
4792
2196
3223
5169
3783
8274
4650
8289
9088
1994
9682
3288
7578
5021
7132
7555
2404
9155
5535
4929
4562
5332
2133
8815
8432
8050
4278
4778
698
4379
2388
181
6602
6746
9620
6105
7454
6466
9746
7255
8580
663
1406
8853
7389
8663
3828
5638
7185
5169
6408
6974
3450
6669
2137
3823
5903
4328
2744
7888
1367
1390
1634
545
9655
5559
9259
9397
7082
7211
4344
3220
9978
2381
3608
1906
3609
5425
2010
6554
303
31
5379
6329
4256
8817
7360
2927
9471
1126
2993
481
1608
5857
1987
8668
4154
1136
5724
9370
4191
5501
3434
2794
3378
5873
4579
7178
5236
6052
6462
7351
750
5729
8367
1341
447
4079
6098
919
2623
3889
3717
1531
4199
1861
2458
9424
2800
8252
353
8921
6067
4331
9915
813
6994
9266
5400
3571
2107
9000
5620
2746
2669
8436
3027
299
7811
4836
4955
4852
2444
4697
8199
5873
2131
8583
3920
9695
1728
8409
5838
2885
4504
9472
1008
9024
3734
5175
9180
8162
9278
5835
3614
4424
7551
4226
3614
6050
4469
9572
6506
3961
7433
8598
4798
9446
4247
6954
2399
8923
3963
6808
2328
3904
7076
6751
7182
7264
267
8292
2771
2691
3910
9143
4814
2849
8940
7292
8326
3121
3384
1397
9459
2106
7826
2447
9924
7040
3374
8807
4864
2169
5362
1805
6038
795
888
1823
3555
7144
8605
5472
1010
2559
4658
2915
863
1569
9621
646
9166
7338
7371
9082
1327
2696
8420
6250
3518
2537
6961
8525
7519
5671
3066
6880
346
9421
8845
2449
3826
8231
159
8325
3439
8318
3546
5465
224
4022
1323
9348
4290
7943
6608
570
3593
6125
3894
6990
7031
1661
209
7194
6596
4893
6444
5094
9401
6057
8399
3268
6678
6726
2332
8298
3536
9667
362
4814
219
2844
6919
6205
2865
2215
8644
9016
9375
9698
6634
4976
3900
7214
1711
9252
1641
5094
539
6057
4223
3267
2819
3075
4701
6651
7573
4268
443
1950
9539
6602
1569
1674
5112
9991
2417
2590
906
1299
3588
69
7050
2675
2529
6823
1585
1638
1311
4373
2020
5386
1311
8264
4951
4597
5808
3523
4959
2627
3195
5144
9536
4483
5436
9464
7644
6160
8691
6277
5720
9061
5619
8171
6403
6052
1767
3190
2105
5446
1660
9232
7625
6674
3742
3782
3469
6764
7147
546
4265
9873
7450
5355
4727
3026
2965
7280
8988
56
7999
7379
7804
2218
4484
6645
2126
8407
8888
6828
841
72
6934
2631
5110
5944
4777
1448
1644
9492
1521
7285
2537
7691
4712
8816
9788
3116
7324
7616
8545
2629
2076
1514
4292
4999
6501
9773
5645
6711
61
1308
6293
9866
2857
4547
6696
8624
3964
7651
8599
948
6302
845
3163
549
4069
8375
6573
9857
8243
6193
5343
8643
5434
2930
7237
4460
5449
5909
2702
448
3343
1006
6022
3280
2427
5026
5017
8997
5741
1904
3069
7339
4847
9564
7446
5784
6412
2494
3510
2964
9061
6272
5233
7395
5214
4128
8622
1518
5243
2416
6179
2954
4147
1345
7287
4524
4205
9742
1565
2172
541
7724
9662
5171
415
9184
8674
6185
1168
6742
7477
9676
6258
5455
586
5923
3541
7980
7870
4473
5090
3089
1416
5246
3221
1535
182
7712
3106
8054
7642
8549
8396
5992
7619
6040
2582
1537
8697
5085
5530
7785
8190
144
1506
4998
2493
4723
2376
2343
1853
5029
7164
8092
4039
2368
7132
9827
3269
3510
3691
3563
7801
770
5033
825
2071
3897
6159
5728
6995
3948
6181
9888
5087
5341
6204
1612
5460
5958
870
7191
7405
6829
6766
6387
276
2229
1238
1243
1710
8294
5956
7169
5797
3198
490
7952
7805
4827
2604
1811
2252
2460
3527
3902
6717
7454
8517
1772
4603
4173
5221
4218
6325
6470
4991
670
9786
6935
5174
7838
7907
5793
3623
2624
3034
3865
211
5569
5514
9326
3942
6980
6430
1109
8422
8762
2616
2793
2922
8525
5350
9508
1018
8970
2895
7038
3898
4800
974
6632
822
1427
4630
1242
4935
4595
9514
8945
8651
7722
566
7072
9181
4239
1337
6283
1399
5480
7701
7185
2249
791
5636
3408
8107
5456
3884
4125
4171
3726
8820
5841
2797
8842
661
8038
5942
9212
7278
9711
5379
165
4261
4204
3222
3593
7702
7848
4399
3638
9149
3875
2219
5180
599
6844
7936
3274
1059
4361
5287
5928
5196
2299
1421
9665
8922
6877
6295
7133
6362
2002
3684
8743
7587
3099
8285
5728
6747
9244
4994
385
5783
3932
8485
287
9781
1013
3409
7223
6197
6436
8184
8341
1692
8296
8204
6483
7107
7419
7536
9098
3235
8186
1678
242
7484
4641
7817
8188
4261
66
3124
1930
9960
9141
6175
3507
6819
565
1244
9429
8590
4625
421
3788
4937
4507
3818
7624
827
2428
3889
3981
1754
1615
5899
5777
5603
3002
2909
4059
7168
1161
319
7534
1947
7409
1932
336
1650
9304
6824
3956
5061
4814
3854
916
4420
6340
8584
2406
9237
4431
5554
9355
6610
3601
7410
6648
9563
2915
1217
3155
2601
2204
1430
6005
6820
665
8458
6185
5202
8406
1548
3935
2469
3027
4791
6625
2815
2766
5441
8880
3169
4860
4490
4540
9269
2867
409
2717
6716
9452
8373
5693
9480
1797
8857
4694
3834
5261
1547
677
6596
7135
2689
1176
2722
6451
6665
995
8799
7660
5432
4070
5777
5705
2715
6168
6427
7516
3334
3273
402
292
1901
8478
2573
48
9278
989
8316
4865
9636
4461
2837
6050
5746
8289
281
6958
5199
4727
2378
3639
5676
6724
5660
3669
3093
6231
951
9494
2457
400
8711
509
7638
3585
9079
3667
2875
6309
6050
5874
5838
8516
1019
2722
9294
3302
2179
7134
6070
9065
2709
8401
9855
2553
2503
6813
2625
2645
5335
1548
7997
4854
5740
9835
8645
9540
7693
3546
5071
2593
157
5302
2488
5957
3017
9946
2342
6785
523
8804
5076
8235
8422
3556
1181
1978
5213
3709
8239
2303
7635
6697
2717
4420
5360
2441
6624
5000
182
4853
744
1302
484
1190
8185
6345
2685
6450
4187
1461
7506
4056
804
4373
437
5975
7889
372
2548
5089
5084
6633
9927
186
3032
4793
7466
9215
5835
4937
5457
9619
970
4911
5490
5501
7323
2487
5556
113
6763
4336
2918
8768
9794
4958
7299
1618
1199
806
6259
7997
7319
9653
9248
3957
2610
2938
6743
2529
9513
9320
6144
1819
2242
896
6622
9521
2146
9752
1034
3679
9497
1305
4154
8631
4201
2742
2983
1879
5809
9292
6717
2437
1402
8527
1046
3605
8478
2967
3926
3526
8782
4292
7656
4973
8205
8240
5210
1759
7282
7867
7098
2963
6664
4284
8728
7677
1970
8183
7234
2419
2866
2526
1054
526
1889
6627
5129
7845
9620
4499
9556
1885
4071
5860
9767
2219
3875
6417
1848
8354
6779
5233
7494
7570
7238
818
9274
9303
9498
4377
8374
4507
5445
8138
3797
8144
9715
9083
4106
473
8088
3539
242
8101
9032
6067
683
8914
2381
6893
8277
5963
3657
5727
1433
4103
7247
6211
1065
9798
6794
4489
8634
8854
6529
7426
9999
9082
2987
844
4341
4832
2601
5840
7423
8260
6954
1680
3616
7712
4183
7115
1771
7174
1941
8008
5793
1883
4627
8133
2019
4362
5155
1683
1973
1956
9488
609
874
1693
284
7234
9397
771
4648
2775
8622
1314
9680
5372
5853
6158
8803
7008
2023
8397
1205
7326
9808
1155
6572
3751
5208
5644
7326
1559
4402
4929
1054
4570
1940
8048
6439
7005
5981
4109
7095
9706
1210
8859
9023
9399
329
6773
9056
7970
528
269
3613
9828
2272
3803
9393
9340
3867
4755
165
7076
6802
4847
6807
3093
3643
5576
829
7898
2397
8601
5283
6851
8669
7405
681
1784
9706
9644
7776
4364
2470
555
3458
9362
1236
6565
865
2405
8909
4798
9817
5993
250
8581
9145
9618
4498
1225
8174
4698
9491
392
637
2658
9341
3155
656
5002
2931
7509
7045
7512
1101
9546
9205
6790
6200
6743
5089
6303
8927
6896
9367
792
3841
9133
7765
2474
6720
8106
1819
9793
4094
4995
6771
9670
7698
9282
4166
7155
4327
3346
9925
2190
4636
7959
8032
1787
2814
416
9839
7355
2710
8713
9019
1118
5009
4480
2645
2632
4363
4642
9537
6223
4975
6739
8080
2893
8100
5699
7063
5660
5146
465
4679
5624
5627
7341
2870
7153
78
3157
6412
4470
4250
5483
8754
8706
2350
8910
9522
3946
3952
6227
1802
3248
1285
738
857
671
1049
1339
9749
3425
7657
5089
1506
8981
2854
2964
1945
5616
33
3242
1995
1267
253
3532
3499
4808
944
6854
7864
5895
7620
9367
2600
4395
3508
7358
6891
8049
1956
8932
3592
7536
1707
1446
1768
1363
5709
9232
819
9144
9965
7361
4504
687
149
6307
793
136
178
9233
1355
8831
8739
8333
2706
8020
6902
9172
9568
2645
2396
2272
9843
433
3803
9356
9718
6307
1080
7575
6930
744
7092
8838
9948
2118
8598
2899
952
7285
4068
2289
875
1717
55
4317
5480
360
7452
426
2478
3021
3868
6001
1049
3601
8676
4319
6727
769
2735
6855
6633
8776
5776
8335
2273
1010
504
9068
9735
5666
4077
8928
9972
2381
4332
7074
5157
1097
313
9007
518
9547
4060
7880
4973
3737
3354
103
8015
6629
3208
6260
4741
3754
7206
7073
5728
996
8525
770
3509
8941
4447
2552
2842
250
7473
9078
7642
1407
763
896
3494
7773
5600
3566
1006
1446
3743
3833
1877
4676
8185
711
6569
7657
1605
2540
9704
8514
3078
183
6920
4949
11
3403
4813
1602
4161
2170
3792
4523
7644
7142
2227
4301
7324
3888
9088
2416
3690
3575
1417
1108
3382
8759
2471
5732
2923
6707
6098
9920
4855
4229
3054
8145
6523
7396
5319
7305
5999
6711
5218
8784
9311
3314
7154
5150
8031
4620
1116
1096
6557
8429
8770
6525
3942
2984
4884
804
6035
6735
9166
1111
9830
5602
6103
4525
3474
7460
3378
3060
2136
3227
2568
3198
2081
1471
9433
6627
2743
8758
4871
6889
9296
1112
1830
7422
6308
2900
7865
79
6437
8196
7868
9646
6764
6294
6535
9061
9419
7376
5573
2153
2406
6567
6322
5500
1182
4624
4544
8693
1469
1293
423
2819
9020
3051
3487
180
2613
349
9137
4456
2445
780
731
9361
7224
3619
8756
5631
9797
8111
6528
693
2963
2545
78
2701
4195
3696
8399
838
460
6494
9056
6726
2074
1966
3347
7572
7565
7410
4627
326
9896
6511
3200
7488
8086
8739
1277
9454
7253
6661
1888
5354
4416
7099
6352
4151
7005
6990
5936
446
5969
7673
4675
4938
5611
1962
1964
7739
7831
6788
5508
3886
9333
456
7488
4280
6546
7686
9384
2015
4462
7385
3801
3626
2460
7934
4860
7095
2245
2143
2232
3666
513
9466
7734
8461
1659
6114
7569
5701
3920
4725
7739
7941
5718
3946
4931
5123
7634
4895
294
8507
9452
5847
8887
6554
1016
8676
3315
4725
248
601
6100
8777
1633
2608
1638
1650
3697
1554
5297
7341
4573
6397
4107
1212
616
276
846
5160
4215
9222
836
7749
3421
5147
8727
3983
7864
5523
713
6744
2493
4571
6194
2063
3153
1211
1673
3402
5727
7065
8917
5903
3641
3809
8769
144
6904
2933
1877
6408
9509
2473
7602
4631
1064
4768
2833
2304
2773
6392
3130
2415
7547
6490
9615
6179
8937
2533
6410
831
3843
3160
5056
986
9476
6206
4289
3212
5955
6295
5856
7377
2093
429
9623
5037
3396
1905
4136
4698
8146
2574
2008
6123
9518
985
3010
1021
9152
9257
1627
5451
307
4678
9938
37
6808
2961
1185
7725
7347
8854
4149
5189
3415
6372
3528
3280
3071
5311
6954
3877
2143
2882
4947
5431
9002
9339
6183
7095
9029
4267
6726
1855
122
5867
8599
2345
1138
8987
9965
9135
1055
8923
6518
200
7801
7106
1220
2034
2205
1626
7476
7332
4325
299
8999
1632
6527
6450
8189
1383
118
7924
3646
8904
99
7975
6625
5538
5622
2628
5669
2844
2149
2853
8466
3117
4967
1489
30
4763
2699
4224
6742
5072
3784
1133
6454
2815
8503
297
5943
5719
4054
7837
8281
3399
435
9333
4379
4572
447
6066
4913
8512
7991
5741
1096
4615
5029
1454
5392
654
9062
4545
6119
9877
9779
6665
3137
9410
5669
3903
5325
7653
8810
1143
4393
6274
8782
7948
3727
3230
4726
8219
5426
6859
7930
4649
3464
7458
6009
5536
6004
2052
3732
5935
5279
31
4870
7297
9194
2252
4037
9794
4779
3820
7461
9283
33
1264
6819
6589
7267
8115
876
139
8095
8974
5506
4311
7431
1121
3850
4897
1494
4385
4900
9982
2679
4577
554
9210
2384
3139
8345
6965
1421
5811
9443
5271
6453
6100
9326
376
59
5140
1509
2917
1500
8124
3141
5349
5015
8907
4921
1851
2594
8602
6828
5357
8541
1051
5403
3502
3873
7883
8000
343
9638
8544
4313
3477
9524
6181
5756
6865
3854
8530
8811
8081
8964
4057
9338
4986
8250
7561
1030
889
3792
6099
2676
9150
322
5737
5687
7855
6523
1870
5524
2752
2194
1125
8008
1897
3648
759
4307
8638
3819
2307
6426
493
8085
9813
8378
257
1532
9398
6936
2208
8513
6157
9824
707
709
6399
8525
667
5680
8117
7508
9369
3836
230
1604
6931
8184
1624
8495
8390
7770
4294
3849
3758
2781
1022
2519
3727
6481
6917
347
7731
6771
5867
7689
7972
8080
7535
7505
7720
2470
7826
8053
4693
7393
5964
2580
657
6349
4280
6221
6520
7895
2600
3302
8116
7835
7724
6693
1695
9287
9921
4448
9635
5346
2566
8054
6317
9492
8118
829
1313
9590
3443
4717
2005
2378
230
8572
610
6650
1629
1352
1213
4991
4619
9124
845
5927
8662
5699
4915
567
5135
2895
1376
446
8769
7887
9890
6158
1835
1945
1929
9592
4215
6967
5334
6103
7607
3635
2050
6787
154
7790
1034
5182
8525
9653
9165
7183
8097
3907
1804
7721
8329
7333
1218
2872
9596
4663
5442
1426
9844
2678
2375
5682
4244
7125
3917
7266
8709
7005
2746
76
8599
6038
12
9158
7261
1611
5632
1211
5114
7452
4158
9778
8933
7401
8252
5684
2708
4186
8677
1255
6002
8870
4433
5009
3047
3810
9161
2066
6060
4356
244
4365
9149
2281
5229
3893
5039
6991
6045
1646
5425
8926
5365
4757
7157
3248
924
4368
740
913
3077
7198
4621
8510
8015
4454
8609
7893
4108
2807
2463
1560
1649
3446
1116
9955
6907
6885
6333
2440
9841
3188
5678
4587
1112
9517
3611
537
8064
9504
6226
776
1253
1873
707
2371
2810
8920
2943
937
5399
8994
1867
950
5895
975
7120
3816
998
2872
7367
1144
2998
1144
263
4045
2608
2112
1426
7959
2405
1926
9037
6502
8771
6951
2707
7149
2435
2127
143
6153
7736
939
2737
75
8522
6886
1764
6520
4271
3073
118
7212
3435
3470
622
2467
2287
6643
870
7236
6615
397
6307
5438
497
3625
7750
1090
1087
9903
6948
1835
840
5871
3923
2962
8953
6306
2825
7686
1898
6906
8807
2562
8914
5308
7049
5269
2027
612
6467
5639
1815
1765
4874
9873
9434
5598
9393
2129
2690
5968
5786
7322
8924
6530
3029
3877
268
974
4929
5474
7546
6222
8888
6307
7435
6035
3000
5317
3860
4776
6618
993
8612
3638
6200
9856
8056
4555
7865
8526
2549
234
343
1430
2643
2277
7283
3582
1481
3157
5735
656
5960
2034
8548
6634
142
8794
1904
2621
3188
5501
5719
9191
619
9544
3811
8524
2151
8141
2809
1996
1499
9593
3616
3414
3572
2696
6906
8098
2311
2061
4617
3192
8053
3744
2701
5197
6726
2544
6462
6537
4493
9613
8784
4194
483
6597
3225
9924
7159
443
8533
3349
2553
1202
8464
6404
1153
3695
978
9962
464
2753
3846
1293
8497
869
9481
3996
3312
6595
458
456
9549
1754
8556
555
8411
5669
4384
9330
7002
4971
1743
622
57
8285
670
3355
2171
6114
5816
1987
1401
7573
2269
3002
5805
7275
9232
4763
2876
7653
3065
9014
8137
4237
5134
8416
3189
4050
6587
6068
5432
126
1798
9716
1338
8414
4500
5500
2711
6824
5831
3526
621
51
1493
261
4923
7901
6009
848
8134
9356
5653
7775
1260
9394
8089
1024
5719
616
5920
8843
9862
7193
3448
7524
852
4305
752
3290
2618
2334
6905
9225
8430
1328
4568
5489
2318
7988
1569
1603
6946
4321
1090
5437
6853
4434
1080
4742
5033
3496
5190
3551
7708
804
2079
7575
6840
7111
7322
9845
2466
4892
2258
285
7219
9063
7164
646
3563
4811
1864
9266
218
8681
5558
8530
7993
8797
8983
1554
6826
235
6352
3614
5223
1930
1458
8166
470
2206
2248
6901
3019
1090
819
8230
1241
8853
1255
8815
3428
1904
6039
8346
2301
9129
2850
8608
3618
4003
7496
4078
4476
465
5447
2789
8839
3352
3978
2989
7501
7484
9283
3254
7192
2968
8093
1149
8886
8154
1305
8264
8465
5791
7920
7510
3889
2453
1183
1948
1737
6011
5270
3075
2574
1065
28
502
9003
7642
3400
4280
2415
4143
5936
5715
4514
1615
9530
2476
7450
2687
2942
9026
2097
5209
11
3963
7425
7587
2504
1752
5142
68
8523
7461
2947
3833
9097
9663
6512
7638
98
8440
5086
9982
4039
2547
8095
3276
6394
2235
419
5367
4145
1969
2210
2845
9996
340
4993
140
4292
2837
9623
8066
8160
6810
3184
5647
5527
6988
1357
9431
8806
4178
9917
5186
2799
9423
4081
7953
4135
807
7243
7704
8923
367
1233
9560
9716
4084
8730
9451
3871
8836
4677
8393
9391
6372
7660
1134
1008
5828
4057
7831
8854
3143
7495
623
4357
7860
3626
507
3255
5186
5605
3731
3497
3976
8733
1113
6680
9332
3714
8113
5212
1895
6728
8286
3852
4579
1062
7835
3467
1482
9497
4359
6922
3059
8744
8634
1840
6183
7350
4267
2679
7743
6204
6415
4984
5599
6496
7400
8049
1303
3374
4030
8241
4873
4831
8690
4224
3052
4419
3871
7005
9031
3264
7715
2279
3360
1570
6317
9927
2956
2299
7128
5623
7480
24
6573
2576
164
6123
4174
7135
3182
7384
4950
647
6032
8895
1602
1351
9118
3619
8111
4323
3645
491
6762
4529
3326
18
1326
7893
2941
1417
158
7963
3796
8117
4288
1222
6300
9112
7276
2393
5500
2068
5506
2187
6242
383
9936
3859
810
439
2832
1664
3420
7190
6001
3850
2713
5916
161
5176
5540
5498
8701
9106
2742
3870
2829
7811
395
9448
9364
8916
8026
3297
6759
1494
8673
5539
9865
277
4387
6074
8895
6235
4692
4090
3555
3747
4896
3027
8957
9431
5742
7658
5975
5355
5784
7785
5061
9852
3187
8689
9141
2426
4144
1891
8239
5381
995
1090
5683
3653
4338
7153
3399
6141
9860
2976
1641
6288
2496
3703
6771
7083
7571
290
9188
5786
1058
4755
2363
6656
8821
3557
3086
5776
7747
1521
2483
650
76
2465
7157
8678
5889
4274
9859
2821
7710
5529
9553
9852
5517
8033
1382
6388
35
4536
8127
607
7140
3838
6047
3020
6429
6025
9678
7934
2612
9105
2083
8400
9177
4505
9375
1298
21
3024
862
5974
6238
4660
9139
9375
1984
5491
7577
2986
5574
2241
6271
2036
9290
530
1269
5405
4199
5902
6126
5484
4293
7711
9218
828
7646
4677
5105
841
974
7506
3239
992
7971
8349
2777
9088
1074
9090
7941
7963
998
421
4392
7665
8227
1546
3453
619
5952
5925
7601
6620
4500
1959
7701
544
3124
8786
9651
4632
6257
6362
5731
8899
7786
5985
3862
7767
8752
2030
6148
8400
950
8225
6660
6328
1379
2092
7196
7001
205
9343
8960
7637
7986
5920
7519
2369
6239
9189
8196
5111
9158
1303
9150
8766
3239
7201
9772
6476
5906
6852
2757
436
3840
6395
9240
6477
6650
5637
7692
8099
1757
7
8977
1925
1932
3514
1871
7648
7796
5508
5666
9455
3757
8132
9050
2662
7383
3215
7357
8809
8982
7084
3498
4824
296
9236
1404
7044
8672
6197
4647
8853
5746
4962
7071
1468
7834
1414
6716
1052
8485
7842
9081
1694
2431
265
891
3072
4091
664
912
3634
3116
1391
64
4982
4116
9070
9132
815
7570
3101
8693
4278
4233
9525
2534
833
5880
4445
2805
9892
1069
2480
2402
7336
5869
4768
7707
2834
5877
7948
2659
341
7777
232
3403
7559
5709
3205
1210
295
219
8274
303
643
5269
4880
6261
3667
1844
3482
230
5913
5092
114
3896
477
5575
868
267
7572
4221
4057
5723
6583
4888
5004
9507
5480
8044
3397
7844
6081
4010
6008
1214
9158
4467
8167
4975
1687
6466
5857
5459
9614
4064
6554
5979
3430
8885
989
9748
620
2389
9924
9609
8518
9476
9693
7707
3516
5101
7809
1750
7728
3100
5238
8333
2146
9078
5064
7960
6183
7338
8251
879
7047
5167
5934
7574
8838
6470
4273
2895
466
757
2248
8184
3558
2793
5026
1458
6328
2813
5480
1771
7120
7179
4320
157
1734
4557
4881
6287
2000
3286
2099
6842
9126
1448
6435
8966
4292
2352
2605
9691
673
4632
9845
155
5612
7963
5125
1639
9033
2516
3283
8972
4339
2725
8302
5697
1032
3642
8144
4543
4044
1260
1493
6196
3431
6519
8491
9151
9457
6411
9143
3519
2315
4575
2471
2048
2829
8106
6649
2334
253
6897
5391
5246
6035
6771
8702
5879
7812
7924
6682
5059
6267
5714
3576
1334
8521
1752
5501
5695
5682
9392
9336
3834
8908
9221
2178
3682
7840
6981
449
9130
7682
8437
5236
4418
6290
3156
5785
7473
689
1914
6219
4640
3167
492
1446
3735
731
5979
7049
7084
8130
419
4454
1323
3839
605
7135
6152
505
2117
5724
9903
6128
365
9977
5849
9996
1289
3335
9501
7812
9627
1460
3790
3780
3216
9559
5999
3490
7684
4608
7577
384
7005
7616
5574
307
1983
7978
2307
3160
447
6658
8114
8086
100
7458
535
8715
7412
5934
2158
8031
3638
3678
8448
8173
2167
1622
6393
9116
9707
9761
4562
1581
7555
2308
5241
3742
8153
6639
9729
8353
6445
1583
8597
6780
5201
5676
9719
9056
8353
8731
8227
4591
6672
803
4205
6439
5669
1000
5890
3132
6437
4907
8409
6019
6387
3417
712
6745
8276
7691
6206
9096
2758
4623
5850
1729
1810
4738
5985
3537
7789
9727
6990
1307
5662
7
3045
192
3977
3616
7712
1068
3509
6479
4820
5279
1229
746
9273
6517
1202
2181
7718
1604
3346
9848
4828
6803
5606
1329
6869
3961
5008
4540
650
1248
8330
2799
2564
6563
3662
3345
9368
7768
6
654
9689
2849
3242
5052
2772
4791
3292
3972
8913
542
9112
7917
4231
773
5247
5674
957
7281
6165
3689
3248
7920
2252
2603
7704
4687
4492
9925
7199
9199
3149
1568
6448
1239
9518
6559
7792
262
8737
8577
6083
6771
6034
5239
2299
374
8319
995
6496
3966
8045
2366
2073
8943
6441
4855
4977
4706
8820
9345
3413
6753
5500
2025
5928
1602
8095
5991
8310
3523
2381
4497
2645
7584
5810
5616
5098
5862
9784
5485
2486
8880
4318
2710
1580
2235
5406
9585
9200
9256
3467
6755
5635
4059
4658
6717
8707
5849
5469
8098
864
4493
5047
7065
7119
9459
8983
4395
7315
9064
2924
6759
2295
4641
4306
8584
9811
4699
5735
6507
2716
7467
4108
1864
8938
6286
5453
7927
9965
1274
6601
7676
2226
2346
1354
4775
3606
3298
580
5120
5548
3941
2795
8825
9757
7497
4237
2848
7302
3396
5161
2608
7129
1450
2156
6840
390
1952
4648
3752
6838
7671
7425
8095
9557
7953
43
8126
4767
2176
8248
8681
4097
9645
2167
1543
7773
5690
1004
7141
8510
9230
4138
2234
7527
5301
4149
6706
6097
7229
8135
8809
8274
6948
9862
2325
3080
8799
6799
957
7303
1579
2882
4964
3254
6069
9975
2593
9423
330
8433
4147
5718
3130
9913
9678
9216
6586
3629
2246
734
2748
627
7450
7379
5257
9325
6465
1248
6426
9571
4288
9929
2152
1771
7001
94
1911
2265
1928
1557
8761
6029
2378
5459
4736
3091
4267
6942
337
5534
5408
9601
2910
7867
9476
6281
7603
4735
5758
8403
6364
6394
2655
3858
4942
4223
7624
1770
5227
5643
8750
914
429
251
3448
7429
3570
6722
7956
6628
5554
3076
7193
3148
7692
1310
8349
3474
4968
1024
3128
4946
554
5718
2948
5776
9143
9703
8612
1298
6487
3220
958
2712
5257
8262
1843
5903
2730
7857
5407
9594
4186
7134
8068
4030
6947
5335
1904
3677
3927
4151
196
4
2290
9221
5750
3320
2338
8468
2339
5851
4134
3061
7126
1756
4506
4189
7204
3649
5061
1631
6583
9290
2636
8128
857
6639
7220
6931
5563
186
8774
8605
814
6596
3643
7135
9175
3062
3247
4703
5933
7550
2639
9132
953
6047
4152
7889
9096
8351
1843
7833
1833
525
5751
412
6149
9147
1048
7899
8048
9729
6132
7420
7083
9294
5397
6071
5204
979
6968
2154
7917
6756
3058
4745
8237
2876
747
6201
4288
1515
3973
9975
9482
1193
3316
9161
192
8050
8771
9552
9593
9813
2078
4684
7881
4395
9478
9339
8528
5440
2720
2262
7365
7859
6090
8509
6327
7435
9799
6712
6526
9895
5640
6868
5916
6505
9049
9744
5298
5205
2834
9907
2657
8587
1762
547
9891
2586
3887
9768
7878
2677
4093
4802
5549
7570
7631
2775
6095
3915
6628
4014
8810
9400
514
6692
8174
5711
2092
9618
2738
7376
4599
3384
5139
7192
1523
8734
1122
4106
134
5033
9869
4769
1784
1011
93
5711
6831
4583
6393
9118
9747
8465
8166
1516
426
3571
9032
1337
1011
2713
8151
8268
3647
3005
6088
4609
3511
6548
6939
6417
3165
5473
5336
119
8849
9231
1622
8510
6655
9112
1020
8548
6723
7445
2925
2222
6547
6641
4592
907
286
6314
9434
3074
9587
5092
3915
5021
2804
7388
8584
4366
3796
4415
8173
6431
8441
3033
2910
4386
6934
5621
8184
5026
2550
9122
2499
3403
3069
1625
4372
1176
9308
443
7150
5514
6361
6458
7112
7662
7030
5754
4204
2855
3643
997
6666
6190
4057
1864
534
2243
9924
5905
2458
9788
519
8705
9653
6767
3393
4908
3892
4854
3865
9752
7427
7376
9055
4112
7458
9168
8483
4757
2375
2002
2558
5491
7340
4639
2283
4175
9021
2262
8362
5235
9256
6087
5584
7210
5279
260
8803
101
9761
9838
149
7897
7356
555
3198
7451
5736
8439
8744
6131
8129
4814
8557
7121
1287
262
8037
3053
7500
9192
6026
5810
1783
5301
230
2715
5680
6987
9653
7124
7266
938
1241
4433
2893
1600
6577
2959
9944
3981
5799
2740
1479
7345
249
4389
3011
7756
2311
4364
8856
8138
787
2700
508
5536
2851
4125
2334
6621
9046
3767
461
4110
6109
4193
9260
8748
3537
1407
6008
3772
3660
3591
8443
1366
1777
7897
1762
3513
2419
7379
1371
2854
167
2297
5121
2724
8608
7425
4181
9325
9015
9773
4754
3180
1096
9174
3843
1467
1792
7546
997
7605
4483
1339
4568
9536
238
5667
5377
3599
4741
7916
2886
6536
9398
3260
8996
4233
2803
4442
2386
2163
9208
3401
1993
9073
3926
2920
1595
2502
1730
2303
8833
1945
3186
2301
963
3054
5623
968
6615
4233
9961
3970
7443
5109
1973
9965
6154
4969
6751
4112
7628
8020
8068
507
8057
1541
186
7412
2936
2409
8218
7488
8506
7288
4569
8967
2816
1843
3246
2632
1994
4761
818
3850
4438
3022
2712
8447
731
5975
6145
6228
9861
7017
6511
6109
2941
3399
2327
2445
4151
6600
4912
2977
4784
8004
2936
5001
421
7203
8675
7882
3135
3140
2350
6813
270
1535
3310
4853
8937
5540
1924
7708
601
423
4114
8461
3347
7241
1156
7523
293
4883
1061
6423
1430
4701
4208
2763
2709
6978
5163
7649
593
3914
4633
6200
2498
9515
394
6387
3514
2801
3650
1351
7698
7081
7793
5629
7771
4678
9831
6232
584
3502
815
5442
6914
9071
548
3309
3264
3231
3583
4398
199
8693
8029
5069
6480
6720
6090
4756
709
3846
5366
7102
2606
2309
2983
4558
4087
8063
353
3134
6311
9682
5031
2318
2622
1246
7479
8908
8857
2399
4857
2451
1896
9129
928
4329
4533
9598
1062
2119
9729
317
3975
5802
168
9334
7325
2650
9641
4721
2566
3147
1230
8664
5579
1198
3573
9656
3496
8043
468
7968
4887
804
1077
2400
9997
3380
7579
9572
88
9534
4706
513
103
5458
882
3188
6842
1830
3832
3675
5641
3433
4469
3250
2151
7787
1629
3371
2198
2931
6811
5632
1988
8457
2424
9186
2916
3239
9298
3833
102
7902
9163
2996
1471
9996
5683
7145
4623
5123
3210
4877
2081
7778
5921
5846
1565
1548
1213
6970
6897
9525
359
962
6821
2227
6246
4140
3629
2185
2773
8633
756
1422
2972
2693
8763
523
3214
1618
2008
5725
9054
935
4207
3482
4149
2996
9575
398
7515
7879
7740
26
5871
9576
4821
7081
7313
8883
85
3886
9650
5073
7481
3530
1821
9501
3994
9091
9607
5590
2262
8573
7461
1343
3157
740
6790
2430
5170
7906
7208
6237
1329
7897
1416
9796
1132
8946
6202
7465
4485
8035
1776
7395
7032
5352
9175
9384
1382
4947
749
519
6764
4420
1941
9209
379
4531
3444
2602
7393
2990
1663
7242
2842
5365
1900
7822
8037
43
3125
4354
6021
3488
5361
3774
5558
6647
736
7987
718
3301
7071
6762
3683
6408
8500
479
1622
8996
1089
4729
4635
2112
2661
6008
646
3436
5090
5394
4888
6703
4276
4915
6125
3898
7622
9608
9151
9256
1414
6732
3229
6584
807
2484
9167
9136
3224
5677
3437
4329
1970
7336
6451
3982
600
4917
3422
4404
138
9961
543
9689
662
8381
6211
5846
5932
3308
6901
3051
4781
1424
9953
8206
5786
5082
1013
237
2376
4120
2162
6160
4004
3296
7861
6746
5219
3472
9782
6862
8612
7342
8294
7020
9445
3337
7920
9479
9477
4592
6460
4382
5038
3355
2604
8817
9692
5092
4863
4449
4978
655
5424
7439
3680
9369
6158
7689
8799
652
387
3205
8013
6898
3294
9293
7777
5700
5861
1645
3401
5273
2092
7020
1480
2904
6947
5065
8852
2614
2872
183
7898
4886
6131
2818
1459
8244
218
5433
1884
9767
2569
9652
7808
9194
2500
7505
9141
9191
2862
1528
5457
2553
5234
5608
5454
5647
8661
859
5504
6221
4900
8603
3440
2898
8963
5545
9677
3081
2302
4630
1494
5806
7448
8742
7951
6166
7094
3375
2185
8321
7707
8780
5159
4811
7549
1610
9825
952
1709
1128
7574
4378
2186
5190
9435
1495
9369
6836
2937
4553
2364
3165
1831
5297
9551
4354
9910
3788
7421
2169
2065
3863
5383
4156
5432
9896
6483
1752
938
3093
9213
8078
954
9358
3537
3821
1820
4918
5060
7771
1021
382
4860
1847
7498
8655
8931
9213
192
7237
415
8019
4280
836
9827
2654
6763
5915
3327
8978
3084
4843
6816
9952
4274
3659
4004
3337
9739
4081
8
3672
4285
7386
8050
6611
9211
5039
5789
4898
6370
8559
9540
1741
1006
8982
9162
9144
3846
4530
3766
5887
5456
3584
8553
2294
6179
8917
6063
6619
3115
8295
931
991
1554
6015
5811
3211
2008
9706
7591
4357
5605
6833
7210
1171
9944
5738
3452
6503
4744
6744
941
689
1618
9911
5223
1707
5102
7324
3303
2155
2753
9499
6294
6692
532
7397
1937
4423
5970
3861
8686
6911
5673
844
9730
3973
5644
1725
4938
6256
2526
1192
1003
5649
1465
8728
5257
2109
1544
5544
6602
8119
2918
8988
7800
139
697
2875
6951
9738
9423
7013
2425
5765
8493
4241
4720
2969
3358
8721
784
1701
9427
4935
1172
8033
5688
2860
8085
3497
2847
1129
2809
8936
6426
6641
4387
7479
8703
6049
7408
7558
4661
1829
5785
8023
6148
3207
1056
3958
5367
138
8325
3554
3493
6749
291
3556
2734
9157
5
3204
468
1436
5930
4358
2233
2650
8720
8526
6276
7319
7703
9898
6152
1487
6482
7190
9413
6625
1293
6040
9823
4005
2804
8076
7736
2916
1885
2330
8273
7087
2558
9663
9757
5040
803
1041
5523
1748
6184
6146
622
922
4377
9582
1254
9527
2593
8188
8779
8742
6601
4439
2083
8443
7624
7710
1778
5516
9714
7314
7154
9850
3389
8661
2228
5651
9287
6608
290
9941
6382
8147
7324
4479
2927
9936
3430
2207
4676
4861
7980
4337
4193
5823
8559
9644
7084
4219
6010
3218
5834
5253
7877
7978
9622
2103
340
8534
8937
6225
4437
3726
7127
1652
5738
1028
7108
6989
7955
3358
387
9991
19
6387
7264
6127
3036
2349
1631
4315
8234
4569
1150
134
9549
5437
3724
9271
4771
9420
4189
1677
7353
1835
932
9999
6900
3575
741
4172
131
1734
1601
7798
5691
6232
7413
875
5529
2833
5601
7801
2817
3788
8480
9131
1347
8233
1882
582
4188
5922
41
2936
6
9452
4014
2110
3922
2124
2021
9511
6006
869
4031
8961
4608
6240
9583
8007
3610
4373
7459
8197
2343
9055
8098
1045
4489
5515
4865
3850
7531
1457
8239
2234
7533
4943
7778
4391
4898
3227
323
5326
5577
1426
9343
8119
8728
4977
9488
3190
6248
5234
2550
5882
1762
3301
5803
7265
6684
3176
1393
3044
8781
1656
5948
636
4322
9090
2816
5103
8297
2020
5510
428
8510
6056
9782
3885
8375
4868
3543
7654
149
9143
8339
3726
5039
7504
3472
5202
9106
9961
4015
9549
4240
3281
6944
7114
1603
6813
5403
1256
865
6767
9734
4820
2350
6746
5287
1357
771
2367
1304
8504
8594
8273
2156
5225
4305
6472
2114
4243
5850
6064
7465
5924
2304
5643
5290
111
7541
1402
6487
7992
8033
5898
1749
6887
3237
4677
3110
7123
1057
622
389
1547
2769
8715
1441
5136
1510
7143
7430
4200
5900
4241
9543
2164
5739
4516
1520
1628
9812
1249
3183
464
6806
7553
3718
3099
9114
2575
9938
6773
5819
4638
3919
6613
5618
8461
6487
2610
2569
9370
7866
6250
7589
3403
4474
4461
6458
8555
1322
3782
700
9068
2773
8233
1172
1619
512
206
5440
9567
6507
4912
9113
8948
440
5377
8167
7883
5684
6830
4017
9212
5175
6390
5560
4727
8789
6458
2792
8212
6715
7886
4687
3627
9194
2137
0
4278
1527
9937
3411
8531
4727
7664
990
7775
6366
1683
8367
2708
3264
5142
2154
4729
7469
1379
233
257
9682
3013
9273
7148
9734
6019
8532
3983
2033
3689
7438
5040
4981
6194
663
5950
7298
7688
8529
7699
900
4363
2433
9499
9546
3694
4702
4269
4776
7189
9768
4008
5885
6460
8899
6154
8610
5099
3863
6201
8025
6955
5815
6289
4727
4753
4491
4270
9828
1680
9348
2825
3472
2564
8683
3630
3677
567
4951
7261
7100
9948
4520
5567
1039
5365
7919
9566
6455
3454
2267
2586
5043
2940
1043
5322
9558
5458
7558
6749
5455
392
7640
2448
3669
3565
3868
9773
8881
1412
8407
7507
4972
9391
4014
6200
9561
5790
3103
4177
2440
9897
2878
3416
8595
6475
515
8893
5011
6923
6111
4812
1965
1134
2698
1217
3667
3102
2023
4865
196
7586
1950
8971
2516
4806
6400
7454
5009
5046
1521
659
5477
5293
2460
1163
813
5598
3508
247
7678
3721
693
7903
1411
2787
9937
1803
3160
8192
5793
3597
4727
6779
5479
4068
2993
3481
414
2260
958
7962
2813
7476
402
6638
7999
7227
1958
3441
4080
8671
2010
6091
9356
5841
2231
3315
4417
65
6797
2449
274
6385
4383
6162
6061
4462
6870
1652
9852
8539
4368
5637
3971
7297
6658
3627
1789
1160
4400
2616
6471
1526
9626
2128
3371
3673
3870
9769
6877
2716
4108
3918
9358
9853
1123
8008
4586
4351
2366
7950
517
5302
1447
6705
6608
5918
9471
7727
9024
2402
9124
2097
3007
8794
1112
2484
5446
9026
3897
801
2252
7488
1938
5382
4559
9807
4704
7837
4916
6260
8518
9347
9697
1255
6028
1088
6738
3675
3538
3748
7878
4500
4717
6606
4499
115
341
7565
435
1961
7623
1675
703
5797
9382
7197
6362
6721
2918
5046
5533
9330
729
9603
8116
5904
433
6266
7050
9360
9208
3920
2101
1844
8865
8499
3137
4332
1267
7224
8553
7330
222
1771
1141
7914
5209
2606
8053
3707
4344
6045
3690
111
8835
217
4406
3155
8844
6026
1682
6634
1156
4458
6104
8892
2347
2146
7903
1527
7240
2965
1086
9621
1353
4603
7252
625
7801
5568
2060
7000
3584
9890
2065
5857
7649
3872
2065
7423
3171
1731
3500
2952
9576
4642
2541
1897
5530
825
2456
7568
2804
2637
8610
321
2273
319
6021
7402
7580
1075
8794
8933
9016
6420
7909
308
27
381
8920
2228
1425
6073
3870
968
3853
8383
2410
3141
7360
6098
5548
1142
8016
7629
1693
7766
5459
719
8763
1064
1942
7977
7978
3416
3030
6892
4692
1989
2423
5135
9091
1307
8582
9335
4932
2460
8753
8299
7627
7660
6858
9697
3912
3307
5240
2570
4123
9492
6728
6763
4642
8949
2689
4302
2496
3915
4777
7114
6262
4996
2944
50
7454
2212
9953
8151
4380
4739
3094
2285
6121
2469
7116
7912
7670
9524
8463
7527
8607
7089
9857
8575
6701
572
5959
5080
4723
3933
5413
3078
3490
2288
1905
7018
6602
2412
7057
6769
2737
9571
940
2588
9424
8300
1788
8477
8228
4198
5096
2700
4991
3560
3696
7960
381
7802
4656
2667
5366
9982
5840
9103
3419
1481
4890
3848
6313
7903
5988
802
3124
4587
5273
7376
2752
3819
4087
9949
8681
7726
283
5622
970
3169
1798
3412
4557
7517
3386
9563
4800
7069
6952
8459
920
3137
8306
2717
5506
4305
8281
3500
3544
7207
4180
4812
7601
2365
8277
3596
6711
6033
3708
851
5306
3795
4528
7620
5053
6775
5887
3737
6908
6668
2381
6508
2836
1554
7438
1117
6709
470
4285
4499
1652
1046
9531
9628
6825
1171
3665
7785
9989
2612
8900
2175
3533
1787
3685
7483
672
482
4959
6449
5418
7205
3739
6338
4639
8057
7011
5304
3018
4584
9033
1083
2031
4841
8164
2192
2233
3097
1103
4860
4071
3070
5040
7302
6178
9318
9625
6616
1722
1556
4897
2572
2740
7031
8362
6899
9575
6791
4241
6240
7566
2769
607
1951
5969
3855
5565
86
4675
856
1974
530
2806
2163
1270
5061
9465
4236
875
360
1039
3590
6422
3415
1308
9902
9553
3632
313
3012
4396
8044
5477
189
1010
3467
3732
3805
2048
2178
6624
3743
9690
5757
1227
3343
3496
5100
8538
2421
6256
3295
7516
6024
4114
2043
7411
2959
9331
1612
3107
3875
8848
8941
8337
4653
9535
8427
9345
7269
1441
5187
7270
6864
3684
1135
961
792
3697
80
3164
2636
9500
9248
2124
1804
6343
1102
7535
7208
3670
1176
4430
1727
5633
4704
1153
2715
8632
7313
7857
2606
2264
2763
106
2865
5908
3779
8123
3971
1731
375
5955
3880
6368
3797
6440
7557
7700
3139
7202
492
245
6063
135
9902
2508
4607
1816
8284
2279
2058
5129
5372
1410
7059
3018
6161
9823
6708
3717
4654
9643
1270
3073
5245
4274
9294
3671
6247
3926
3427
2306
2976
8679
4042
7107
1001
2506
9868
3065
3721
6854
2304
98
2235
332
2796
867
9661
1894
728
6538
6474
8468
2653
7450
8264
4399
2359
2183
2349
9352
5284
2951
5123
3279
55
7402
7698
1994
4598
6949
3447
4498
4160
9563
7393
3717
3846
583
4000
5589
8824
8574
6962
7541
1218
4493
1771
6313
3905
1522
9512
6822
7898
9790
8173
8291
1846
4910
6015
1227
9248
1790
45
8987
1461
5449
1484
673
2293
8751
9267
7864
3033
2902
2085
6304
5162
304
9249
5091
1634
941
722
126
6647
2858
7119
5636
8097
4499
1127
7408
6557
1648
2863
4103
9536
4591
3011
8411
15
1695
9232
8165
3841
4092
3295
8609
1377
2390
8687
936
5058
425
974
8941
5924
2921
6192
5155
9064
3665
5646
240
9998
8280
9119
4500
1452
1008
2253
8422
2749
8076
8076
9918
2057
1105
7063
9528
5153
2875
4931
1299
3001
4218
2433
6245
4455
5300
6830
7360
9710
6685
411
9993
4725
5603
7502
9076
6794
675
7680
5164
6670
3965
9621
4526
3208
2697
6919
4659
2372
4214
4539
5491
3612
6846
2105
8268
3127
6219
8167
8668
5343
1265
7783
8043
1023
6664
4276
6840
2906
8801
4869
7240
7454
445
9052
7861
4415
5313
8001
1931
4208
7406
3137
1809
6877
1644
1995
6908
5306
1639
1
9153
9746
7695
7433
9949
253
3094
1889
5280
8662
9604
7925
1080
1861
3693
7153
9259
3782
3495
4088
5915
4320
2706
5266
7155
9622
1782
1783
4673
9661
8599
8284
2786
5814
490
4635
992
3298
7076
67
1238
722
8585
3390
7125
1800
7565
7034
3012
2282
2776
7146
4622
8552
2841
6741
9149
3029
3790
3982
2106
5482
9046
3089
182
8694
2553
1056
4245
1514
5805
9428
4273
2293
7307
6668
8507
904
8687
3354
2367
8138
5086
9365
8820
7133
8717
9502
754
2646
3579
1608
7723
512
6182
9096
3843
1407
1815
8047
1120
173
8454
7573
2531
4389
665
928
2228
3600
4045
4058
6017
3710
6646
7704
3832
9368
7636
8971
7397
891
4975
8346
437
1259
3298
8568
5898
2997
388
2433
4431
4416
5634
7704
1117
9587
6670
8535
2849
6685
1069
4598
7093
4880
8374
930
3851
840
4010
3899
6577
2068
735
1213
4496
5825
5111
6829
8355
9158
6221
4809
3946
7692
1359
9714
2963
8291
8711
4953
8664
3394
223
4666
4661
2937
8783
9160
8738
3106
2571
8727
9998
9872
6082
5727
6913
9224
1602
246
5838
5366
7242
322
4448
2713
7508
3801
2196
7492
343
5170
383
9977
93
7420
7718
8959
9381
5898
3332
5895
4086
8432
8178
7401
4720
3574
7394
1206
4359
6703
837
2523
8013
1972
6289
4899
787
6565
7
2023
2557
2608
2320
4767
4973
1214
1680
699
2573
2582
9264
1801
3567
5889
7576
9667
7370
2768
775
6581
5407
8582
1449
5086
8882
6395
8445
8322
2193
9614
3023
8328
3556
544
6067
9754
4954
3829
7385
1976
2060
5623
9248
3488
986
1716
202
8604
2784
326
1951
8038
8549
8239
1620
1698
7628
2158
4078
4156
8980
666
4173
706
1029
6024
6677
4657
8513
9194
2576
4549
5740
5942
3902
3380
4490
6634
5746
575
1284
7426
3308
1470
3206
5987
3893
8334
3616
551
8588
1628
9112
7159
6057
90
6931
6275
1350
3498
7600
6621
5906
2508
1107
1018
1049
5862
6109
6316
6188
6391
774
7076
4653
3794
755
571
4652
3921
4448
8875
169
1455
8238
2341
6819
5293
4749
7628
612
3671
5226
2534
3426
9160
3155
9423
7523
1976
9972
8744
2925
3809
5274
4282
5650
3276
3363
2148
1864
8489
5107
6233
2873
1804
9148
3888
8512
6771
9290
6930
1994
7519
5549
4693
7579
6407
4773
7866
3475
6620
3019
4060
6385
2550
5942
8712
744
2350
5328
7765
5323
3790
9616
1824
2155
6728
3735
4999
7968
2886
8946
5460
6219
6398
6466
8925
8697
6641
9652
732
9185
8243
8217
6921
8148
1806
4599
9860
6603
2942
6915
9334
9396
6445
5180
5734
2941
7120
7464
8002
170
8663
473
5346
5878
7259
4696
8352
8993
7121
7676
2127
4361
1043
265
1352
5565
250
9759
4717
2040
4294
696
4120
8266
3573
8844
2220
176
4158
6328
457
4118
7048
6273
8482
6616
1713
3374
5120
9058
6857
2835
414
9951
9666
3818
8100
8877
8545
5145
7933
452
3283
387
7709
3678
926
6637
5513
1887
5254
6316
3760
1197
2674
4153
7941
812
7611
2130
4628
6849
6002
3614
5259
2447
6399
4188
4486
833
4353
727
4483
4746
7244
2185
9494
5180
3525
5227
8098
4736
2498
5371
4246
6054
8116
9620
1893
3760
3105
9688
2256
9191
7729
5901
7167
696
872
567
6760
8814
9851
6237
4838
4773
9295
8608
647
2869
8795
6070
1510
2076
3608
7860
6795
9954
2647
638
22
2353
3231
8944
2592
5766
2622
8381
9525
5200
2255
1734
4954
9444
1731
7197
2623
7260
6155
4829
4605
2635
2196
2058
9627
4512
5377
1527
929
6661
3509
4921
2441
6261
8975
4558
1162
5607
5556
441
3146
9927
3950
4270
235
5715
3717
3448
4790
8243
8470
7519
42
3905
5365
6674
4453
2952
9618
6967
9424
802
9663
9694
1105
1614
8846
3045
8660
6097
5084
2571
3305
6616
793
3270
4763
6608
1573
172
4281
7995
3634
6180
6353
9889
6745
5638
4421
4169
1615
9581
9407
8738
8050
3975
3733
7189
2952
5357
7672
4456
5323
9261
9286
1586
8753
5557
4034
9204
612
1417
5193
8459
1110
6988
1625
317
4719
1058
5174
8854
1067
4040
5963
1929
2355
3350
219
3080
9571
1974
1910
1741
334
4400
6414
5041
7121
5392
1745
3310
5705
6127
446
3183
255
9125
3123
6696
3251
8086
2859
2171
5537
1251
8237
2808
4267
7248
1551
1891
4215
492
7939
9338
1014
9187
605
2873
3216
2693
7142
8580
3791
6659
1951
9746
638
3621
267
39
14
4059
9920
6823
6399
7818
8038
3149
7230
8716
1225
2414
1217
5712
9399
7954
4474
2514
5405
976
9581
3741
4872
4122
8893
9817
3268
4694
4867
4694
106
1123
7031
157
3386
8595
7284
8004
941
4933
2713
6694
9163
5806
7792
2222
3744
9118
5927
3884
1526
2048
3673
4396
7341
633
9614
372
4783
970
3908
3579
5304
3223
3800
5552
5667
4422
5029
8195
9896
3722
8967
791
8126
4277
612
9494
1464
9164
3073
8801
8894
4898
69
5812
9565
5009
9163
7092
1365
7846
4908
4876
4608
7362
2943
4053
7836
2939
3123
3863
1322
4524
2278
8564
2634
2269
4881
9463
7815
5737
2982
6669
1182
6253
5159
2645
6521
7462
7851
1261
2536
3352
1520
5382
5838
50
8329
3265
5431
7544
7658
9030
3721
164
739
5283
378
136
5903
6623
7047
6780
1482
1201
2860
5064
4343
3771
3007
1145
8110
7711
5137
9215
6720
5430
1357
3537
5710
6232
6736
1943
5767
8227
8774
2154
499
6219
6142
331
3158
606
9133
2028
5040
3314
8731
9315
1731
5495
5991
4273
1999
8341
8494
8280
8134
2728
6057
8546
5865
5591
3581
8223
6582
960
4946
4061
4528
1409
8209
6080
6875
1280
8998
7008
5147
6529
5969
5328
2337
7265
9462
4732
1213
8149
2081
4451
5857
8698
7829
9526
222
223
4625
7394
4676
8676
3592
7374
3873
2941
7286
2570
7096
6328
8246
9524
5207
4871
8667
9569
6778
9886
1790
7207
9597
3752
5693
5119
2779
7307
546
2389
9005
4401
1153
2452
6010
4214
7560
9879
1425
4720
7919
626
5261
1341
9392
8661
9918
3273
4874
2953
8471
6231
5577
2799
8147
4415
2102
6092
7403
6415
9545
4763
1856
9442
5363
3938
6382
3785
2291
6521
8171
4750
2403
2899
8269
2403
2585
6272
7155
474
6137
7660
3331
4458
5
1143
2529
5573
2233
9029
9169
1605
9598
8726
982
7854
1159
7990
2371
1421
9428
2778
1957
9907
7207
2540
5057
1183
4842
974
2361
4420
9540
6426
1966
3717
5701
5029
3088
4861
2824
1369
6278
2526
5395
6059
6783
9995
7445
6900
4791
5945
2914
530
8749
3211
1878
4387
5669
2518
1772
4645
5427
160
2248
4364
4379
2366
2079
7516
7350
634
6593
8769
6011
1727
4525
5983
5985
3211
3905
2175
4630
428
7599
6426
6389
3612
472
8643
2831
4504
1810
1414
78
256
8548
3264
7159
8687
7200
1558
5040
2998
4904
27
7556
5997
2946
5410
2283
3500
9311
90
1503
4161
343
2753
859
8251
5458
7062
6020
1081
2937
9158
5757
7676
9386
8398
3181
4089
122
2122
5586
7329
2936
4521
7324
201
2975
1680
9467
9651
2297
9745
4598
7108
3620
809
5041
7247
4137
1625
8040
7127
1918
3494
2011
1191
4410
7832
3807
8836
5760
800
8134
303
7346
2133
6776
3623
3755
7811
7061
9898
4662
3619
6122
6877
1618
6766
9970
966
7561
5729
4088
6037
6026
4275
5377
3290
6518
4227
3577
242
2229
2939
4053
8424
6433
5691
2744
8796
4241
240
8457
1074
7157
634
7248
8176
8849
44
8601
9802
1945
7861
3336
9820
7266
4584
8761
562
8885
9153
7411
3401
709
7252
1948
9040
2809
5890
252
2846
8679
9068
1551
258
7773
1706
6565
4782
1243
4180
2065
6442
2591
7784
2993
1678
9114
2226
3329
6611
4517
9886
300
4390
7789
7937
5169
3877
8564
8730
7843
1329
4577
804
1876
8926
2536
7803
1022
3999
9764
193
8435
655
290
5218
4886
1103
5736
3726
2892
7448
8284
8723
9516
5981
325
9304
1818
5061
2926
5446
5391
4568
3191
3610
8239
9601
8798
498
9379
3624
6501
2459
3972
6558
253
1020
4525
1458
3722
818
784
9396
1465
4783
9293
5861
2796
2885
7264
3645
2437
4940
4436
6487
2503
5044
849
5002
1025
5037
8150
1409
3281
7075
6901
2392
3516
871
2679
67
6312
9445
9254
9485
8790
8320
8035
7337
7151
7060
9149
630
3611
8713
996
5957
2694
2304
1964
9701
9093
5879
52
7025
2766
2729
3659
2804
862
1449
9450
804
125
1246
1346
8361
7973
7521
8012
2556
5167
9172
4897
497
8101
8294
898
626
4129
4974
9015
4262
9071
4768
4957
6519
2062
4074
7663
3614
9236
9118
840
9181
4389
7559
5287
5676
1764
7820
7554
8215
3302
146
1727
7228
370
5173
7592
3265
7829
264
242
1904
6521
1280
3328
9288
8819
7591
560
9096
656
1103
7830
9931
2667
5907
1370
7999
2483
3700
5751
3768
48
1612
9163
2830
7854
3238
2477
597
8455
760
2837
7644
2282
5884
2179
7529
9832
9961
5999
1748
3639
9183
7945
7102
7087
8997
1340
9206
9065
3005
9649
2151
5785
5521
4037
8368
3624
3696
7725
4642
9787
4665
3570
9945
766
5497
3513
8214
2151
8934
5880
4578
7109
5857
9332
6646
5071
6212
275
3388
6595
3740
3945
2985
5131
6263
8009
7479
1559
2515
1599
6550
2694
8541
1926
4874
746
1539
5275
7543
6683
6697
9120
5867
6813
3039
7329
1497
8563
7608
978
249
8355
3382
3192
8292
1804
5290
7568
2407
4008
348
6282
2942
5626
2557
5743
2747
8650
496
4794
7913
4290
5746
2909
6450
4242
3233
3538
9173
5754
400
853
3007
363
686
6487
709
5966
8234
6547
2525
1956
4970
8191
4747
7579
8231
9341
7282
4345
6969
4736
7380
4398
7252
6475
9493
8045
3217
7401
1848
5320
7972
1298
8791
8416
9991
4673
4200
4081
4522
1129
5361
7693
6206
803
8541
3583
8675
4162
7246
9438
9235
1547
1618
6099
1930
7336
2765
7941
221
264
8956
3139
1350
9583
1543
7624
8024
37
7268
1269
9501
7363
119
9975
3365
9983
380
2675
1338
1904
610
8059
7302
6404
8389
1754
3412
68
3417
1141
615
1958
2265
1527
3216
3239
7426
4460
3214
8505
8669
6160
9053
1163
3712
1693
5170
1794
2146
8383
3252
153
1198
155
3468
8656
4495
3098
4112
7561
5253
1261
1084
9866
3476
965
4390
6943
2711
1296
7492
4340
5624
8243
6717
832
9283
43
2190
2830
377
1695
8776
520
7833
7286
5374
1777
5256
9842
3598
4774
8509
9738
2314
494
4303
4326
2827
1898
4188
3445
597
7339
4535
7725
3306
2058
7228
9185
1774
3033
7612
6552
9836
9276
5993
902
1562
1814
6458
774
9458
5004
2125
9746
5174
3553
9064
3604
5114
7725
2059
8703
6892
2531
4193
7881
9028
5434
8728
5408
5480
1018
6221
7811
8675
481
1958
3151
9536
8329
8824
7370
672
8642
8528
2612
9392
8518
9769
9144
459
6839
5347
9385
4657
2376
1494
9910
8102
6459
1767
4808
9004
1892
4749
1734
3093
1633
9465
159
6310
7850
4977
9891
3482
4426
894
6736
4744
3708
3707
1369
7192
1343
9788
6875
7906
1456
9652
285
5881
8057
9667
3440
4618
7581
6753
8964
4195
1784
8851
7824
1472
9816
8899
5986
9756
3214
2938
8999
4731
7857
3536
5009
1751
2406
8233
8661
690
3681
8908
612
8470
5580
2098
9992
6100
9645
2137
9999
6630
2190
8708
105
2738
5027
7897
1803
7862
4232
1178
8686
2761
4187
9870
5829
