3053
4931
4810
5615
8282
7389
1557
5057
4241
6712
9953
5620
7272
7326
588
1418
39
1122
8642
439
9758
2677
9212
1780
1281
8963
4339
7958
548
8110
322
2090
9624
4818
9953
9206
3237
8407
8003
705
8086
3148
9897
1090
422
9552
2877
6478
4484
9537
6162
5137
4179
8103
1630
1291
3097
8980
9347
4786
3398
2020
2925
867
2440
5660
8138
6272
7072
8600
4446
113
9477
1095
3223
637
5144
7693
8288
1808
3123
87
4094
6915
1020
868
4424
9908
2418
6387
9735
9005
2340
9680
4482
1268
7177
2481
6658
1314
9116
8702
542
2077
1503
425
278
672
827
1508
6197
7761
3009
3123
8091
4566
6599
244
9590
7691
3084
7986
5629
8249
5033
1960
667
8448
6074
7364
8689
5742
2815
7382
7370
1947
7719
2681
7786
2282
3696
256
7974
7222
5697
1680
3329
8249
1945
7974
9339
7122
7638
688
2483
7106
6876
6590
3253
3766
4437
6331
1195
2409
7546
5944
5641
8987
9251
3585
7371
1407
9246
3020
5820
8589
4990
9615
3660
5275
5856
4220
5568
1706
5696
5278
851
8531
4689
9713
203
9030
9629
8731
5329
2660
2914
5523
6424
6217
4424
8044
6587
1498
7169
1528
4104
1253
7183
2238
3259
8404
449
6014
1815
7073
4822
2664
8667
7763
2897
9972
8256
3209
2561
9124
9329
5865
5567
6784
4346
2777
880
7665
2440
8687
8790
5480
3204
3575
3807
9457
778
6631
9226
8203
7729
4584
3891
2652
6016
8743
2209
5075
8009
1673
1697
1665
3919
1465
8497
2115
3312
8779
194
761
7417
9450
6999
361
5842
3363
6876
1396
5995
8478
7621
6892
6023
7436
8959
5194
2414
3026
801
873
1517
7916
9535
6991
217
3515
2847
329
4717
2652
4998
4865
8006
777
8677
7777
5923
854
6624
6549
8961
7788
6065
5400
1949
9259
1634
4151
6581
1202
7996
2925
2373
7785
1608
1603
124
7719
2222
3859
8157
1006
8594
1734
5726
2835
9634
8261
9873
4191
1757
2397
1655
2014
5537
2699
5253
5228
9946
3556
8715
6807
446
574
8295
6211
7981
9754
9235
972
9492
8456
4641
980
7077
4864
649
4134
2038
6609
474
7397
2194
8556
2133
3008
5624
4367
4637
5660
1709
6369
5270
2741
817
3522
6216
6436
7235
7827
2228
3408
6098
5384
2309
5096
3954
9496
7430
9197
4346
9695
3210
861
4308
2404
1179
315
5074
6032
4729
2121
403
5740
6231
187
8968
895
9875
1738
2974
1228
777
2934
3860
6122
4640
8615
7265
5127
3826
8717
3736
6794
5096
4315
8677
7221
1451
6965
4857
9320
5538
6029
3532
8768
4887
23
5628
2825
9900
9668
2809
3770
3943
2270
9288
9556
1166
9386
9196
521
1728
2234
1040
2408
6019
2307
319
2817
9140
7759
3720
301
4423
9755
3495
2758
108
6740
8588
4514
6396
8770
9856
9549
1078
8499
377
1679
686
203
8205
1219
682
3296
8176
1584
2578
2184
1447
8676
8110
62
6240
442
552
229
961
3987
1124
4855
1373
2808
4040
7813
6731
7337
7226
5095
5929
7791
6980
3661
3634
9547
3915
7121
8073
7739
4418
4571
6706
9581
6556
7102
3387
47
1866
5045
731
8958
4793
7833
4431
5273
9658
7521
2042
7467
1020
6476
7345
7188
7017
9501
2839
7123
6863
770
7113
2977
3072
6347
914
3756
6153
3745
5576
4209
4544
1059
112
8161
5381
9496
8809
1763
2321
4800
9386
1213
5088
5040
2942
367
1672
4471
796
9876
8192
5810
55
920
3296
6126
9319
3499
3705
4802
8226
1253
4961
5500
9786
2335
6837
7945
2336
8497
5931
9465
8839
2677
8947
703
4755
8724
8940
4680
2229
5545
3326
3477
7473
2026
6909
2232
326
8314
5294
5809
9814
3688
4156
9566
7172
1226
7570
1972
8309
4623
4306
3471
953
3176
4408
2947
7844
6742
9644
444
6228
3696
476
2349
5678
1408
9127
3184
757
547
2935
6325
2434
1652
4793
4532
2306
4847
7719
9980
6667
1301
8772
2640
3253
8123
3476
5354
2101
6698
5652
3647
3364
8230
9158
8506
9160
9161
7406
664
3586
3525
3721
5718
4856
8859
622
355
6204
7237
8934
1392
7679
3268
8249
892
9223
6412
8747
2651
6560
5856
589
7593
5313
2389
1221
8197
5512
3179
2777
5009
8184
2185
1478
1459
8074
1045
8447
6772
1731
2722
6649
576
8125
2910
1838
6968
9808
2306
6312
251
6195
6164
3050
9354
6972
6274
4379
3009
2868
4487
3683
3176
3065
6211
911
9913
3373
6922
2580
6907
6971
4676
4857
3255
9972
6839
3910
3665
7403
9822
1156
6292
1235
6453
2312
4632
1079
6845
8224
7531
9829
5052
2321
9232
1131
5669
4261
9626
2880
1613
1814
3375
1096
6776
3387
5423
1563
4962
1695
9561
2350
9608
5059
6180
8971
7132
6546
5107
5335
438
2762
9518
7897
8112
3474
7322
7415
9142
446
7124
2619
2613
8880
6885
2737
6768
7677
4764
1295
2052
5366
3242
1934
8339
6994
9629
8054
7389
3532
8291
2017
7773
9436
2560
6408
996
5855
7157
9322
4363
6721
5195
8075
8226
2410
7342
851
2722
1052
4567
3799
1825
632
36
1870
593
6031
201
5308
4882
3871
9884
103
1459
4645
1249
9963
448
5940
1987
9379
1354
2819
3687
2239
8517
1402
7453
8090
1794
9498
140
8627
3509
3823
1236
305
3241
6735
7353
5039
7945
6700
8624
9888
6013
5780
8841
8356
447
4307
9083
474
8055
7613
2795
6179
8757
2182
8826
6672
1484
8936
7732
1426
913
9477
5832
4307
2328
7068
965
836
275
7899
3643
102
362
9739
7425
9010
2530
4477
2708
3605
8463
8254
8853
2084
5374
7867
580
6746
3399
5001
5937
7629
4009
428
4736
8862
2461
8786
8398
9880
8141
810
4321
7536
2855
3960
586
1909
8617
4249
9607
8120
3265
1828
2626
8828
4397
325
445
7269
9509
5315
9624
8626
2993
400
7515
8365
8692
344
4019
9750
67
9450
2638
9151
8774
9943
8579
7026
6326
9538
6976
4460
2973
9511
99
23
2402
4647
8366
9367
908
4262
6344
454
4866
9086
1615
618
900
2295
1254
7731
9046
4215
8029
6705
340
9275
5981
4257
6806
712
2944
9412
3560
3204
5773
4579
9965
6096
2600
2207
9079
263
5250
4978
2500
9739
4095
3323
684
5186
7123
2620
7220
106
4732
3869
9233
2157
1872
5851
5048
1435
9554
3839
4592
4703
8447
9757
7600
9582
8336
1369
9641
5557
8512
3567
6215
9263
5849
3074
739
9967
9283
9034
3092
7433
1651
5847
1585
8430
2491
1345
2716
9999
8235
2940
9867
7335
9518
6727
4219
1618
8781
9711
8624
8466
5229
3281
7848
798
8338
6854
6747
879
5565
4211
1215
5028
4703
1493
5507
1096
6405
4993
3467
3161
7788
8981
542
111
3766
8627
8066
4787
8771
739
1216
8180
7853
5550
7328
8811
2820
6025
1755
870
6022
7326
4390
5964
1672
7937
1085
2350
2177
5696
768
2490
4860
6546
781
4384
2650
1116
173
4703
878
4481
3034
2028
1099
7357
1745
6675
2077
2827
3068
9484
7467
1287
8365
5762
9565
7691
2901
2099
8530
9439
8226
3194
6923
278
5875
2990
95
5433
306
9472
4008
5847
3875
5254
3364
4917
6926
6769
4641
9372
1628
3261
509
7053
9033
3104
4462
8283
5033
8993
7011
4214
2404
5465
7753
5128
2887
1903
785
3953
5409
1656
4505
5506
3976
3292
640
9864
1503
3058
1526
9132
3901
8647
9103
429
2127
3051
3873
4366
8571
3943
7162
7465
8149
8315
5410
9092
3781
4385
952
8244
551
2743
9759
3252
2783
6543
2932
7927
3491
6185
5456
938
6260
7382
2583
1383
5418
2751
1591
2342
1625
6157
4182
6004
6409
5911
2712
8460
1061
7636
1670
9620
2381
96
4301
3875
198
7647
3175
114
9355
1052
2592
5478
1870
4413
209
5845
3415
9655
5043
7479
1836
1655
9094
8455
4558
6419
221
5561
5903
1943
4643
2204
5065
6429
8417
5525
351
1263
8648
6397
5581
6920
6763
4281
78
8284
8205
16
4556
2226
5146
3530
1383
4302
1412
178
9219
3334
1714
9003
8792
2336
497
8483
8741
1759
9245
588
7849
6341
4891
1884
2757
9983
6189
1219
8290
4041
9298
7181
911
3156
8659
4854
4494
9328
4307
707
1582
9326
2164
6420
2651
2728
9577
7357
459
7881
4378
9052
6543
899
2120
5512
2136
8467
2717
6500
6359
8634
4763
7002
379
5077
3036
1034
7457
9356
2271
3675
5233
2572
8223
9715
8486
2577
5223
4709
7639
5319
7973
4374
785
9297
4147
1222
4715
210
3545
3160
3472
8812
8966
7337
1382
8775
3784
3996
1128
2926
1284
9251
6471
5597
1191
2805
3511
6029
9579
6449
4005
2794
9346
1852
9190
2013
9790
1642
2800
2759
5451
6057
7532
1530
6395
8544
62
3899
4311
7628
5943
5525
1484
9067
7131
6610
2506
1865
1787
3568
1871
4078
8044
9192
4085
9495
889
7921
6790
4270
4086
5946
1523
3368
7042
6844
1211
280
9985
2180
8281
9899
9425
3106
2324
3654
9908
3344
1713
8073
7359
6173
9205
2744
3945
8016
7646
1388
4301
9060
8234
150
8225
6986
384
580
5494
3314
9289
820
4328
3140
4469
7480
6196
8116
247
2373
6178
9391
6949
2848
9886
1961
9853
1794
5053
4357
1461
3566
8379
7916
1462
5066
5897
8060
7926
6989
8250
5904
2748
8853
585
2306
4115
2860
484
8022
8850
5842
6322
3041
7914
5607
2776
5343
9047
7838
9810
4357
1540
2379
6379
7195
9491
3207
385
6403
1533
4685
1925
6382
7006
7793
7762
1920
774
3969
1137
6337
1541
874
2544
8624
1358
3994
3828
8670
7273
297
205
7165
9574
5365
2117
2097
4921
3365
1651
6895
6814
56
6281
6221
311
2587
6068
4158
2674
6294
9132
6143
6723
7905
4199
340
9057
6636
8357
6386
1054
9470
2723
9409
6538
4614
8730
5093
6362
7603
2897
7146
6828
7778
8600
1997
5787
9021
9125
6837
7566
7498
7577
6118
5440
924
5612
8606
8286
8380
4834
1676
6250
7078
1791
2149
8798
2644
9932
3200
7343
2446
9650
5083
3814
7307
573
3296
5974
5520
8650
1630
78
4541
4231
9063
1558
9912
6399
8883
4805
8042
3023
5623
3840
9333
5722
350
6709
762
3776
7757
7730
2560
1321
9042
3421
1877
7693
3106
9867
7468
1666
4783
1570
3301
6512
2921
4425
5762
4292
3025
8333
8646
4609
8847
8221
2487
5168
4840
5724
9943
8920
6698
7643
6929
5293
350
1434
9992
1125
720
2460
4001
190
318
2488
686
9001
4313
4036
7723
461
3110
529
173
6338
5667
7995
891
4064
6768
9995
4188
3372
9330
3870
7545
3480
8422
3004
9419
2103
7144
6786
7324
3436
5758
7216
9262
3454
4552
8701
3323
7335
7780
5468
4805
5651
744
9260
7552
3073
4577
8475
6403
5765
3607
8785
582
1405
8337
4375
3687
8809
2982
8456
4509
2507
328
1427
4364
1317
8178
5210
805
8924
1078
2621
4662
8818
8235
1400
7188
5541
3458
3523
6761
9110
5908
1761
83
9772
934
7116
1074
5758
8853
2703
1809
7598
5680
1943
3722
8730
3974
1501
4056
3641
3788
2335
2056
1571
3438
5384
1785
5933
7322
2010
3576
7052
3308
3091
4139
8536
5403
4844
6109
5685
8280
3923
1461
7687
9093
9084
9578
4037
8502
1825
40
9630
7270
3807
2228
2243
6954
4543
8658
792
3250
8920
6671
2638
8357
399
3569
3479
4360
2459
3559
3929
3094
7712
993
2738
9196
1519
3298
7801
2118
4409
8730
2578
9799
5568
8598
7399
1322
7875
999
2179
8471
3448
3242
9573
6353
7561
3107
5279
1447
7866
4928
5314
1337
5411
5030
8397
4177
3629
2506
5306
7507
1626
5538
6047
5405
8458
500
9973
182
5823
944
3620
9811
7618
6237
5974
5118
6113
5079
1084
1417
6208
7448
3542
7659
1145
9602
3184
2498
5350
688
1573
698
2661
6250
4289
5208
1104
3438
9900
9920
8581
5121
8557
5665
7371
5216
641
7276
9176
5585
8584
2717
6594
5575
3068
6217
1367
8950
8200
6103
4532
9322
8869
4602
8675
4453
7574
1256
7903
1821
7255
3816
6870
2708
1293
459
6177
9726
1810
5025
7868
3183
2580
2581
1325
4983
3493
6079
6895
4832
9313
6136
1792
2488
6710
5025
468
1470
7
2868
9495
4211
7885
8702
5239
5997
442
1607
1138
5165
8412
7413
219
70
4066
4617
7627
9059
6443
9126
7454
8334
1863
1150
7866
3998
4383
9199
8656
8791
9855
5462
5745
1066
1541
4104
7852
3440
4871
8983
1590
1156
3835
114
2589
5762
1786
8894
1873
7894
4958
444
8721
4168
7861
7825
3463
7005
5945
6810
6322
3003
2366
1902
1219
4986
2523
3899
6780
5214
2152
6872
205
2417
2183
7707
3583
3275
6323
4528
6319
9780
5373
1235
1858
7487
5677
4174
1622
6127
7737
3520
4195
3225
5093
6333
3167
3452
2800
460
2792
1273
9507
8445
6598
2121
7038
8442
466
7813
6655
4776
8325
5203
1706
4211
5563
3186
2245
5264
2560
2065
8393
6991
8309
1035
5715
516
1996
4079
7658
1311
8647
1907
7256
2714
3427
7777
2715
1524
8083
7939
9243
4617
2090
3337
2542
1492
602
7714
7759
1419
1028
8726
1352
5414
170
2908
2361
2671
4252
2350
3826
8274
4880
798
4764
3999
5001
9590
8027
6887
269
9266
9590
842
2877
1040
414
5015
6857
3375
2867
8944
6166
2833
9866
8533
9425
5140
6431
8812
8098
1869
114
9122
8102
575
8890
3889
8378
1335
2540
7467
3772
635
6321
4646
3743
4347
3695
9427
2861
5137
8374
3326
3853
6055
4506
1168
9023
1284
7918
6581
1289
7099
552
1726
1781
873
4929
5705
6973
3728
5339
3975
4662
2797
7754
6710
4766
2459
975
7487
7845
9942
7431
4961
1564
9618
3180
9246
2885
2085
3230
1595
1658
8609
15
710
9543
8890
67
1461
6659
286
6279
2182
7251
9593
968
4792
4773
4249
7953
7969
6272
8505
241
7353
5723
1426
3636
8320
6070
7903
5514
6279
88
817
2368
6599
953
2438
9323
1333
4372
5709
9753
2683
5510
1638
3385
3814
5573
7244
6814
6061
4885
9629
1251
7834
1553
5687
8476
4599
7438
3651
7479
1198
5993
2237
1091
7466
9816
5508
3995
5615
9215
6735
947
3180
6981
2502
6829
8452
8681
9125
8123
6262
2244
7005
8852
776
5436
5020
2659
8471
4819
6228
6712
8907
5294
8218
2425
3089
4956
6323
2613
9185
6056
5522
4602
3254
9198
7393
4108
8219
4545
1722
5199
7790
769
8524
7571
3307
9758
5084
3521
528
2677
4442
3509
279
903
6191
996
1596
3522
7890
4381
8469
1641
5510
6272
1641
8598
4332
8085
5059
4283
7508
1010
2472
1279
8079
2776
3516
269
1692
3277
95
2278
1452
1192
3349
5698
3415
7956
8621
6767
1065
5128
901
3190
9791
6086
6010
1939
7844
3245
3430
3901
8586
7553
5157
33
9876
7868
1173
5938
434
4034
6253
4354
9695
8932
4646
7998
7219
1615
8946
8341
105
5752
6890
9504
1979
5005
5233
220
5135
9777
2896
1029
8193
7737
6603
8275
5234
3980
939
1297
8792
5297
1360
4270
8314
7070
3038
9548
7745
580
658
5088
722
3168
4277
4565
9581
3584
4165
5092
4772
132
3210
4148
4690
9770
8887
4268
1901
2173
8079
1306
760
3985
7087
9691
3096
4943
6063
5994
3192
9384
1800
331
648
3760
5303
3645
9861
3232
918
7771
7869
8112
1906
4313
8056
4045
3304
7843
5854
8135
6674
8699
3969
6937
2930
744
8902
1205
8772
9864
7568
6622
9518
9666
2681
9320
6071
1905
8215
9969
6637
464
1763
427
4386
9390
8880
2522
762
7433
5605
9378
338
3839
9296
5920
7249
2691
4593
6646
5064
6042
920
5592
1708
9251
250
5500
8506
5500
9037
686
7772
278
6203
778
6507
779
9859
615
4690
9620
9013
4933
5426
7074
2991
5142
781
1089
471
9518
1524
9751
2092
7421
1179
6597
5469
2763
4821
5182
9086
1912
857
5637
2024
6424
9667
2645
9790
1576
6431
1170
2584
7551
6749
3588
1294
1260
2678
9457
8205
3354
3765
7029
3959
6704
2288
3865
9693
9822
4479
2404
3361
1063
9789
5197
2333
7255
8398
3645
65
3379
3148
3580
3285
8397
5786
755
7555
5895
9021
9444
3259
7296
5259
7708
1177
9642
100
3646
6574
9592
3655
7928
3466
209
5590
9267
6193
7366
449
1156
3666
8106
8223
113
2846
4248
1400
7994
1846
630
3848
3494
9835
8911
8679
894
426
4669
2039
7264
7619
7637
7201
2915
8479
2331
8700
3717
4795
9128
9380
8006
6656
3829
4153
5347
4566
7194
3046
9119
3094
4532
2687
12
8293
9514
9739
2944
3153
5594
2030
5555
247
3119
3104
2547
8323
81
3737
6403
152
9759
9640
1700
2174
9001
7959
7206
2620
6826
6489
7196
3688
4154
8573
1032
5088
1995
3525
7945
815
7231
7160
2169
8346
2240
9458
2115
9635
7043
6785
6076
6273
398
4165
6150
6936
9333
9077
1508
3872
4946
2010
1897
6602
6051
574
2376
5202
1138
3342
689
2626
3536
6818
9356
5324
4195
3914
5632
4131
1491
5157
3801
2844
7681
4459
5904
214
7183
9766
9007
2170
2754
5129
9350
5015
1782
4825
6331
7076
6443
2044
2160
5802
8243
4354
6253
9677
9615
5658
6930
9483
2650
9682
6874
1415
7802
3186
2872
5349
3443
8005
4926
5163
548
9808
4494
4430
5427
8039
6805
36
7447
5875
7506
8299
7994
1227
9683
3033
1516
9861
3269
2681
9456
9473
5234
4078
3096
9257
5559
3730
1918
2890
1007
3603
9926
4167
5935
7295
3593
3546
6998
4235
1551
806
6516
4063
7980
3650
7442
717
8748
4646
1438
5907
1814
9203
382
4648
1110
5414
785
1294
6215
2544
47
3151
8475
8702
3294
115
7924
9812
9569
3073
4337
1378
6604
774
69
1749
4089
4806
1938
556
6357
4900
4361
8885
6802
2346
6171
8326
7927
7524
9127
4507
2942
8688
6975
6992
7069
3081
111
1461
9297
8137
2394
2031
8285
87
3450
1207
9239
9682
1943
2510
2184
9827
2721
6143
5862
7984
3457
1167
5632
6932
4515
8642
8224
1113
9094
8911
977
2181
9406
2810
8253
6629
8640
949
3152
377
7756
7417
8353
93
791
4270
5916
8654
2270
988
2248
2637
5578
8714
1058
3067
1699
2534
4104
6662
3584
6348
6821
3824
2621
3887
3462
1300
138
6394
4357
1985
8710
2131
6029
1711
5133
5401
3493
3011
9392
3096
2869
8837
1639
4924
1596
5000
2334
9392
3016
8704
8982
1412
1830
1956
6652
8957
7070
2878
8430
5546
9589
4960
6250
2613
1794
4180
2187
735
8403
6567
5238
1580
8274
4244
8818
3034
9103
6319
9805
8445
8654
2051
799
7152
8524
7683
3474
7549
9011
5005
2348
5839
6549
9304
5172
3286
8395
6682
8190
2338
2781
5893
1993
7267
6571
7836
6435
8138
6623
6625
1100
7849
5511
9767
1231
759
7058
1384
7665
7983
2171
1660
3343
8802
935
7717
8262
9885
2587
5989
9338
3964
1020
3834
1626
7474
9843
8583
2526
2280
7622
5528
1207
80
930
2472
1342
9296
84
7339
6405
3392
56
7103
3305
6394
6918
840
1924
6107
8429
7021
5240
8026
5867
5380
7156
3281
3060
6634
2915
2045
7718
9137
9991
9843
9634
149
5770
7893
100
837
1990
248
6958
8294
4885
9844
113
4999
4330
2758
3069
5902
4862
5056
7032
6030
6410
9311
5501
6998
2786
8640
8902
9055
1577
4462
770
6454
9922
470
9302
7807
6844
9392
618
9833
4318
983
3072
2450
6037
9412
5044
5516
4976
5667
2288
2667
8283
5998
4665
5724
755
484
6273
3877
6245
6791
7458
5515
9669
2951
1939
6928
1021
9550
7398
1388
6744
6094
3249
4124
3134
8549
5059
3567
1104
5017
1075
6924
1496
4373
2687
8582
5444
8301
7264
3180
4802
604
8817
1246
3547
8970
9171
4252
2227
3368
9940
7630
4032
2237
3486
4867
2874
2216
9289
3131
969
9771
608
1051
5861
3329
5260
2248
4550
2700
3370
4017
5477
8508
4519
9152
7454
8088
6415
323
8317
5934
7335
658
5103
6094
4991
1188
1806
1172
5162
5716
441
7566
4472
6291
6033
9401
3042
7984
6419
4271
4379
9916
3300
2328
1827
631
1842
6507
3203
9797
2313
5800
7792
4940
8749
5306
2812
1505
6413
6542
9658
6816
1983
8971
3734
3740
7777
9041
5582
7816
4121
6166
5098
2366
1989
6021
5132
9790
1421
280
5536
3556
9912
8512
3799
4735
8956
2308
3822
8883
6244
3962
90
3970
5599
1951
540
7726
6723
3394
7727
3221
2018
9189
4581
4821
8335
1068
7996
2740
7354
1027
734
3335
9491
2632
9795
4033
2730
673
7191
6282
9551
233
7407
7318
2281
8833
4226
1667
9627
5574
8543
6307
4837
9385
7863
9186
9084
4381
7694
9412
1949
4143
4794
8836
4627
8269
2326
8980
415
3942
7369
4302
1420
2475
1970
2658
9961
5762
9912
6454
8134
436
2730
3494
9245
8130
178
4813
323
8695
2255
7859
5868
9518
2240
7347
9096
8096
2724
2812
8519
6969
9565
1424
4416
9769
1860
7001
1946
4671
9612
1304
5031
6857
4538
1695
7918
4713
3701
0
9372
5476
4
1064
7811
4741
8477
5865
4388
880
2263
3291
5028
9752
7721
6757
1703
7312
3656
6628
7883
7740
5836
7145
3014
2501
4183
6999
6115
1429
6764
5979
9154
317
1600
6249
6721
822
4645
5709
9719
7512
9830
2630
7243
3778
4994
5281
2689
3069
5731
7649
7189
4357
7696
2472
5944
1110
6763
5852
752
1165
5593
3412
5092
841
4577
6674
6483
400
4975
9648
4533
9521
2086
9928
2086
856
6735
5591
1158
6922
4043
9056
5009
589
9502
1726
2605
2265
3673
8739
1969
7488
8532
1388
4491
7101
389
5953
3113
8455
6638
1507
3522
110
6140
6099
8936
4457
5964
141
5905
2318
426
8284
659
1136
1875
6156
2969
3670
6524
6363
7210
7230
2773
8914
8420
4477
3947
4854
4464
5523
2102
8304
4127
7678
4707
1310
4940
3552
1352
7989
3869
421
3380
9264
8577
3798
5345
7193
6951
5922
3553
8334
7785
5584
3587
8908
6098
9081
5664
610
2418
3408
3984
4851
6551
1841
3780
4906
2844
8947
7699
38
5771
6767
1362
2979
1763
6437
6453
2315
5671
9791
8549
4340
7952
3681
6047
4696
1779
5653
5991
8723
7585
3397
2403
884
6271
1965
2791
7842
1310
2124
8911
6789
4247
403
8580
527
7736
6440
6359
3421
5213
5993
2256
7840
6485
8690
9260
9010
4140
7969
2461
7270
6499
6970
4836
681
9044
8186
7284
7620
7742
6579
3479
8571
4481
5551
3278
8669
6972
2682
1944
7696
2885
7464
6304
2234
745
6393
3095
5469
8159
1730
9231
3713
1317
9013
8468
5178
8420
4935
4070
5715
3602
1658
2458
8298
7343
5749
8536
7891
3857
9993
9414
981
5981
4140
9609
9557
3257
6282
7414
2589
9504
9974
9121
4202
2018
3532
5047
6590
5749
6969
8905
7510
2241
8898
9947
6707
5022
504
5549
2960
133
6109
397
3646
3036
228
7302
1647
775
9146
3796
265
1417
965
8156
5385
1094
1869
8241
5528
2691
7889
6647
4726
9216
857
6061
102
9162
4444
9430
5981
846
1150
560
8953
7590
3982
2139
3840
5862
7154
9768
8774
4103
8606
2605
8711
752
3409
3485
624
6231
1172
3928
355
5109
2463
2421
603
1492
8966
7493
1949
2790
9573
699
3927
4443
9982
8420
1142
955
6448
5532
259
6605
5327
8527
7238
2612
8795
339
644
6180
3692
4318
6091
857
4845
120
8883
6971
6386
47
6815
5457
4635
351
2729
8424
3902
8397
6917
4945
2228
3196
2736
1198
7496
3805
4944
9903
5642
7342
9109
5191
1748
5988
2258
5573
1672
213
9416
9411
6596
3690
8031
4484
5362
3893
2522
5638
9796
1203
4062
2242
6342
8503
6577
270
3310
2693
8526
2155
6751
9361
1412
1267
9587
1880
251
6859
7990
6685
8222
9619
6203
7092
7617
7601
6008
9147
1840
7237
9862
4257
8695
4352
7370
5053
3508
5706
3203
2856
1712
2407
818
7449
4447
2772
430
2372
7457
3640
1562
1936
3109
6030
190
9293
7712
3076
8016
8485
1456
5674
6725
7187
6334
3948
3217
1039
8107
772
2743
4906
2066
6897
5652
1197
8713
5938
0
443
4692
1480
6707
4759
6421
7842
6060
491
8631
664
4484
2430
7757
3464
8213
8241
578
1441
6198
8474
1790
4507
8032
4450
295
7258
3881
3588
2944
4877
2546
9342
6135
407
632
816
275
649
489
5337
9423
5055
7130
5763
8603
4442
4624
3204
4290
4054
625
4915
9315
8598
3606
6627
2055
5220
1171
8349
1225
4089
9365
2746
1752
5232
2278
5620
4312
4580
8476
8718
927
1818
5745
6122
1706
7528
8513
6821
3277
7393
2899
7698
7767
6768
2839
3148
2257
9805
6940
9805
2611
3476
9831
7438
2238
8372
3649
9
5938
4928
4992
4055
1331
5851
170
5107
5496
2980
6957
6699
2474
9519
4092
659
8058
6667
839
1842
1877
7025
7562
5234
3248
5845
4921
8463
6438
5177
3660
8129
3069
5289
9133
4093
4224
2328
4749
1886
2486
1158
6336
9738
4623
7523
5039
3373
8918
4246
9852
8693
7258
2077
2089
9721
986
6924
3238
6800
1285
1747
4464
7909
9374
3195
767
4189
9156
145
5292
9298
5148
3785
9608
1037
1455
6595
3926
2870
3392
652
7158
2378
1920
4046
459
3505
2506
7867
9538
9524
4232
5255
299
4042
2019
8252
9691
8108
4693
7872
8544
2451
4276
7702
6082
5314
7376
1598
6377
7874
7833
1605
5476
1317
866
3092
4213
1843
2936
268
5754
2473
8181
6772
8822
3463
1917
2766
7271
6305
3976
2189
4142
9836
9859
1130
3698
821
5642
1140
8038
5525
3391
9289
5861
3208
7388
158
9703
7357
7968
3670
4523
5419
8914
6585
4944
3326
6461
4891
600
6728
2774
8849
9082
6917
4447
2433
3796
5763
7046
4146
9673
609
17
6728
3109
7066
2373
9164
3805
4884
8479
5569
5209
9725
5026
2024
7175
1483
4777
4251
9150
8099
44
6110
4678
2247
9026
1372
8397
7205
1094
8930
4745
7293
2952
4683
3651
7770
6112
1698
2140
8842
7651
3930
2432
8518
359
7783
6456
9467
5468
83
3912
5712
988
693
6030
6066
1378
2869
9975
2500
9696
4767
9508
3340
1716
1026
5958
3099
2602
4222
9776
3067
590
2198
7090
9353
8933
8737
7498
7960
6851
1869
9062
9719
2604
6226
3981
1402
6962
3265
3732
3198
3335
5969
5592
6852
1613
2631
3438
3275
6361
7766
4446
3182
6443
6802
9886
9378
2369
5273
2621
4783
9709
2470
6094
5922
1749
4187
9585
7682
2269
9082
2379
1463
9761
8450
5091
5487
7716
9758
9843
3007
1724
122
2265
1440
3018
7168
7354
3002
9836
1104
8095
5370
2531
3762
485
9067
5693
7359
1064
6826
704
8276
3404
8989
5162
8806
8155
8195
1364
2930
7159
6025
4660
547
5934
4083
3907
8228
380
2059
468
3600
2969
5743
9258
4770
839
8633
5176
5771
3280
1857
947
4008
8853
8416
7857
5880
3072
9445
9160
2333
6017
2127
7070
6957
5460
1191
8098
5430
5238
8475
8307
6600
417
7996
9525
2303
534
7122
9965
5148
9689
8005
7828
893
7600
7247
4464
4842
8863
5948
4459
9686
8586
6719
3597
5622
1364
9043
2098
2249
7101
9435
9724
5742
1575
8271
1405
4092
1881
851
6908
7859
6806
6306
5688
3766
127
4264
8596
3755
358
5895
1365
2634
3976
2852
936
3368
400
4959
4557
196
6076
5044
3362
6284
1875
7235
6659
4416
2765
3245
495
6360
1173
9710
4257
8941
5801
8444
2028
2649
5801
677
1227
1630
6140
5769
9638
2273
3762
4667
3376
1325
5730
8504
2558
3423
9885
3061
8472
2248
5805
622
5913
9149
8816
1680
7020
7967
2641
371
8396
5097
6921
9120
1630
9322
4270
9941
8412
6862
7798
2145
5336
3247
4108
8766
281
5121
8646
6909
1700
1881
9995
493
4599
9204
7210
7300
2081
3892
9603
6160
9358
2279
1531
4207
7891
2433
5703
8612
938
3807
7226
1982
8214
6639
7266
5706
6560
7425
9513
896
5620
6067
4861
2344
2302
4937
9742
6876
5541
21
1346
3866
3295
9564
8613
2313
7050
6152
1317
5836
5174
4121
842
4227
5398
5248
5292
7789
8416
2289
8491
8584
9163
1649
7110
934
9638
3639
2674
2040
7361
1178
5519
2401
6480
5573
5901
4928
4370
1013
3434
1023
5157
7859
9741
1745
3013
8411
832
2231
2296
7900
5069
7950
8668
7702
9778
2082
5144
7428
4607
4353
9734
7463
2524
2956
6765
3761
9978
2891
2326
2285
6217
5975
5315
1312
8019
70
9537
6056
119
7673
9003
1494
3566
6874
8121
6158
3881
958
837
1694
8439
6410
7950
508
7802
2907
9761
6481
8854
3112
2101
1851
8575
4428
7269
6710
5994
9759
7919
6216
6492
9337
1126
4685
6962
1107
1900
4949
2570
2878
273
6050
5836
5441
3770
2248
6598
2242
7520
1558
7063
7808
7581
2600
9560
4098
9144
4408
5917
1242
198
5037
6425
6698
2976
1281
3237
4760
22
3639
7776
6589
9098
7776
4186
9419
1295
6172
1248
2468
9718
1367
3245
6224
1847
5303
6269
1214
7373
7596
183
2181
4627
9291
8055
3650
3014
7612
4213
3273
5883
1556
9360
65
8107
7766
6069
5657
5333
1081
944
8032
7334
4398
236
8868
6171
8007
4243
7567
1005
9489
2047
7322
5284
1378
2201
1173
8783
5347
6888
8902
6504
8434
6768
8797
8804
8980
1217
1917
2264
7359
4017
232
8833
9330
7655
4233
1510
7912
370
43
8512
3024
8834
842
4200
6847
5896
2495
4339
6820
7273
8688
5274
7538
3179
6580
1453
7386
977
13
3420
5718
2707
3645
8848
1606
6991
8035
2498
5760
8282
2673
7092
3063
7650
1214
5970
4396
8409
759
188
2851
6735
4945
7198
1306
2154
8812
5642
5408
5272
1911
944
8470
440
5026
9362
2506
9196
4928
3943
2718
6257
1165
4479
1083
3603
8552
4879
8388
9769
9192
5711
3070
828
8235
6636
9484
6790
8275
3329
7878
2068
8336
6165
3279
1606
4736
3386
712
4765
2748
9821
9767
7620
9954
3252
2377
507
4465
4516
3856
1791
3768
4097
8735
640
2843
7549
9754
1364
3435
4410
476
9334
9872
462
9428
3831
655
1149
6390
6332
9228
4766
9579
3643
1731
7634
5753
4103
4415
9896
4016
1609
8377
9780
8056
6620
4760
6247
874
5492
9229
4767
685
9505
568
8641
6569
2755
4599
8770
7754
3751
1234
8070
907
8945
9501
2807
5727
7762
2568
2077
277
7688
2486
8361
4022
4924
2159
6626
8318
772
354
6831
1231
6446
4047
4795
5992
9306
1231
9444
143
1687
6494
172
5471
9393
1103
6713
7224
706
9146
5285
4748
8358
1312
9050
4717
6250
8376
7919
2396
9940
7063
2631
6034
4914
2095
680
4381
9472
9484
7124
7593
9706
7820
1657
7339
2501
6274
4362
2772
8720
281
6523
5251
2840
8483
9591
6145
7176
7387
4933
8904
8514
3452
9362
8658
2523
5780
6582
70
6584
6471
2704
6907
4857
9843
4747
4812
331
6169
4642
2203
7360
374
7699
2827
4768
1201
3694
7552
3997
1783
802
2248
8951
8253
7429
3249
4203
9045
4683
1812
6087
3906
2696
4229
6768
8239
7293
4813
4898
5417
9619
4847
7672
6940
239
1750
8214
7919
970
9248
9068
3257
2223
1084
7292
8122
1013
7995
9166
4817
4937
29
2813
7018
415
4116
5226
1459
9276
9768
6059
6653
6350
4230
4400
7966
2214
2034
6217
8496
9363
2928
9632
5575
7206
6456
2318
3435
1123
1063
366
3607
3432
578
763
5963
9664
1109
268
4955
1792
6990
1926
7565
1186
5274
6701
1764
7951
4443
1804
6868
71
4500
9168
57
5312
2419
7195
6577
1154
9051
6468
4618
3264
1009
5375
9749
903
3809
4773
7911
8558
565
1760
431
6582
3989
1359
9328
154
8003
1521
6214
4997
9400
1223
3556
403
9188
3627
2730
4945
7933
6304
9344
7903
9325
8304
2643
9951
1442
9542
2466
9893
5743
1371
4161
397
9676
8497
9180
4527
5
1452
6621
6661
414
5752
8936
5885
8761
8508
3167
7331
6508
5838
7675
7065
5238
4696
3092
9144
2942
891
5454
9222
5809
1021
8841
7710
9620
9787
4727
6891
8528
5749
5249
643
8011
7955
8050
2448
3063
3065
1044
7206
2348
7630
6502
5078
3937
2964
5139
1036
8513
739
2619
2065
1481
5822
2767
5116
6289
9167
4120
2798
7433
7654
9002
516
3152
9615
7220
8318
4575
4521
9690
3074
243
2800
819
1755
2339
7065
2335
4574
3704
9195
5353
7534
2787
8638
1994
7544
7032
6053
2598
9663
3884
3028
9686
5267
2620
2936
5214
1990
9469
233
3391
1110
3148
5487
7328
5760
7855
1268
4161
3773
5987
9643
9923
2324
3454
5484
2373
7554
6274
1049
7349
1366
8353
6375
1681
9239
6840
6885
3727
7483
3245
4350
696
5715
5635
9817
538
476
9647
7442
4939
8910
3823
6335
9192
7211
7790
3429
4092
7150
216
4167
4858
5388
7131
9366
2107
4558
202
6019
354
2078
8867
6960
196
2570
9832
9359
1376
2379
2386
4817
5251
193
8235
4475
6860
6044
69
995
8718
2081
4031
5528
765
2417
7339
1864
3486
6065
3883
1834
4076
6564
7392
5741
8818
4198
3877
9096
8284
1905
2519
2272
5852
3954
6884
2810
4181
7237
6419
1054
8735
8657
1559
8589
2219
8476
4433
5455
8913
8750
1168
6601
3231
7983
1111
112
2616
8015
2866
9881
824
6816
7019
3103
4089
1322
635
8714
9201
7768
9201
6236
9591
3041
7509
5842
2723
9536
2220
9465
9716
7680
5274
9696
6001
4869
9181
7886
63
6890
2295
5403
5787
8072
4650
2300
2817
9412
2638
5780
8478
9671
3899
6820
4234
3071
2152
7039
9500
8638
5365
9491
5627
431
9673
6447
3381
5002
5758
4412
7846
2202
4009
1653
5787
8201
9730
6323
1813
4997
9892
3904
1315
9025
8505
1141
155
2556
8521
9897
3335
5513
4398
8426
7449
2026
909
9469
4664
5642
635
4236
9144
9396
4652
8880
372
2167
8382
5378
1693
700
7320
1877
6492
7459
5396
8492
8930
8091
2106
3313
938
8701
3229
9981
2215
2357
3929
2499
5419
6279
2378
5244
4434
6036
6612
6057
9625
737
7302
8190
328
3670
4343
2470
1484
6137
5729
4514
8255
8352
3055
3080
9792
166
9155
4715
863
6123
9898
6738
7968
3875
3953
5314
4774
2368
1467
7846
265
6357
5015
9281
1760
6765
3952
21
4202
2254
6320
9112
6495
5914
864
96
5506
2421
5368
8557
8394
5260
6523
9686
4361
608
871
1469
7597
4374
5937
4060
4257
1510
5636
8745
7619
2229
4278
528
7213
8035
9030
6839
9723
1555
1585
1076
1671
8145
5968
3833
6543
3873
877
6482
1863
4121
1814
1524
4996
9326
324
1623
9910
9597
5126
4520
1034
7886
2666
4230
4469
2220
2648
9809
1256
1057
7514
1770
2216
2297
3472
2791
8943
5666
4721
3739
927
255
1776
8241
4526
3844
9468
9038
5479
8296
59
7170
3058
5806
2246
699
542
4069
7281
3091
3703
4520
9391
2672
6255
6745
8824
3626
8792
3876
2323
5886
5672
8308
7695
5970
2483
4457
6185
3340
5277
5439
8876
7154
1578
3498
1008
6429
2345
9848
1229
2610
3501
8162
1098
7232
5443
7378
3899
9006
9018
3704
786
4002
6862
8764
6587
9812
9706
652
7224
9576
8270
7378
5644
4603
2730
7588
3372
4921
3365
1825
384
5552
7958
8631
6859
2573
3833
3724
6525
7096
4947
7245
2865
7158
7389
3548
6182
7260
9858
439
1705
2747
9183
9853
6322
1599
4819
9999
4258
9272
388
9769
101
3255
4793
9810
930
2701
226
1078
7981
5085
9466
920
2291
6249
242
8768
8059
2351
222
8401
2072
2291
2105
1361
7515
6946
4732
6634
5665
7261
2733
4933
9591
6621
4179
2121
9805
4218
3026
5112
3012
5212
690
5411
1595
336
8999
9955
3281
2323
4998
6250
7541
9030
6593
9031
7736
3447
6856
8559
5735
8943
3974
6563
8800
4006
3281
4336
6904
4536
7592
8995
2338
3290
2133
8090
2428
5487
791
9811
528
6756
1079
5893
39
4641
6272
6981
1164
7680
4492
5684
333
6729
6174
880
7801
1627
3302
7881
9780
2587
6091
3019
7665
9730
5364
7947
8385
6106
1792
8451
6735
9227
6358
4978
2664
3618
9942
7201
3908
2272
3773
2942
7115
7979
6609
2580
8673
6462
9018
3641
9809
2043
9856
6712
9193
3068
5182
3028
322
8780
5191
6149
220
1460
506
4956
623
7734
5180
2913
2762
677
78
8975
2097
87
7001
8826
9889
1645
820
1272
4389
7019
4234
3458
5625
5995
7278
366
4190
8609
1671
8582
6331
9980
8274
1636
4680
3003
4443
4445
6468
4449
6954
7310
8739
8075
5243
5742
3195
4372
9264
1002
1639
293
5944
7618
6681
3871
8401
8409
1345
8052
2393
4572
5564
5253
5274
8244
7107
9146
3673
7596
9473
3016
7519
46
9503
4669
9629
7410
3005
6301
2096
7942
7597
4018
2927
4148
8102
5762
9025
1950
1375
8257
4466
6333
4215
3349
6279
974
128
1548
3400
4507
8192
5960
8392
4037
9933
2900
5581
7362
8276
6447
3808
8887
5911
2932
6702
717
9164
7959
8516
9567
7426
2905
8935
2211
7503
84
6007
7054
6871
5729
2345
7031
9764
7788
6103
9565
5227
1183
4881
2571
6898
6589
7671
1630
44
72
7217
2331
2687
4
2794
3547
4015
4544
1248
1933
5207
7676
2417
5292
4808
4299
3523
2603
3315
5209
6007
1527
9311
909
7396
9954
2575
9169
276
6765
7969
4990
205
8444
7543
3220
4505
2320
7365
3430
4248
4351
9807
3887
2496
9142
1706
6427
2847
2605
3717
6913
3703
3122
6402
6533
5308
5354
4218
7688
8581
1990
9362
4461
7039
2584
3668
1728
5683
5393
8213
8863
3640
7679
7108
3682
553
2252
4079
9800
234
3241
7848
5838
8951
2021
5094
8157
9842
5046
7817
9611
9444
8922
5304
5700
7078
4470
9571
5981
2914
776
7145
3020
5975
2244
9388
3377
9009
6529
8127
5086
3205
8899
3349
3955
2083
9058
4917
6624
493
9724
836
1764
1669
2394
478
2071
2528
4630
2340
8783
5008
4922
2410
7308
9129
5733
1017
7288
1686
2688
3185
2901
2989
8026
9887
9536
2927
9409
5420
1104
6763
995
9096
8240
548
2270
7864
1305
5795
1523
161
3818
3159
5149
246
1181
5278
925
6610
6879
9604
3317
7677
3268
3129
1496
2913
6931
2213
6270
7737
9182
2375
379
6154
792
4899
7748
5936
6209
9335
1153
7318
6676
3618
4578
7701
3497
6380
5950
1643
2419
9263
8426
7556
7580
582
3477
9925
8848
5498
7045
8660
9442
2014
796
5196
1739
6605
4163
8364
7877
8008
9196
1707
8373
2851
9566
7956
6345
2152
7020
5604
7127
3442
3504
7254
3063
9327
4803
9221
1121
9577
2023
7212
6560
549
565
3416
9364
2660
2302
6203
1409
3933
5610
4848
1382
5211
9630
8145
1383
548
3680
7615
3824
4488
84
3128
9743
6463
8840
1165
9995
1400
5561
3722
8891
4764
9896
8902
5814
9711
205
2601
4119
3844
1760
4390
8158
3099
9885
9682
8683
739
6556
4576
4084
103
8791
9412
9902
817
9856
1946
1889
9491
9767
1392
8553
7586
9884
22
7501
1091
7472
9986
6252
8937
37
9124
2160
9638
5977
1076
8060
8591
7588
1795
9885
1640
4900
6654
45
4046
3893
9836
5684
7857
677
374
4021
4813
4004
7310
8005
6369
2067
9769
4190
7229
5977
6490
1378
3827
1506
3265
2917
4641
2782
6125
7754
4892
6397
2676
5366
4240
2135
3947
7487
2412
6945
4339
5211
4343
2106
7843
3469
3385
9637
4540
6173
8410
2875
2592
4362
8222
7971
7423
6581
4580
7457
1595
5427
3381
4531
6013
6702
2026
6773
5499
7917
9890
1013
9551
1067
7905
6909
2138
503
2792
5298
2765
507
1195
8913
4703
8739
9087
7185
5293
1135
2229
3977
7550
991
4154
6874
1861
4
9173
9378
1570
1870
9255
2806
6437
9652
5279
2990
3527
6587
5102
7964
5985
6278
3180
6769
6274
2247
9070
6222
2008
8769
5016
2010
9282
4539
6070
2873
526
8299
9691
1770
1365
805
5629
5903
3663
732
1037
8288
45
2963
218
7135
8509
6564
3193
5747
4450
6256
2366
4840
1411
5601
1958
1260
1166
2317
590
1914
8374
6145
3438
9390
4968
7512
6698
6223
4706
871
3762
8087
8818
43
9486
2216
9616
4150
6151
6388
71
1793
2384
5415
3877
8030
4137
6719
2297
3377
5074
3872
1269
6605
2227
7158
4606
3387
1631
3207
6921
1009
7780
1518
2939
5309
223
4318
8248
9742
407
7592
192
8072
1908
5372
6636
1564
7680
6406
4619
8727
8565
2168
532
703
8421
7858
8409
8213
2499
3497
3118
6559
7386
553
863
3707
2772
566
213
2671
7613
6236
3081
3512
5773
2117
6597
2165
9236
1615
3565
2980
83
9333
1381
9390
6043
2992
6667
2430
8188
7123
5634
9987
3577
1495
8288
554
32
904
7877
4120
5064
9296
5741
9269
6019
470
5666
80
3955
9658
1189
8508
9421
5054
3880
8001
4377
6164
591
1915
812
6177
2903
5906
3278
8973
2533
6938
9506
7406
2362
2824
558
8462
3908
5258
9567
2596
8575
6184
5968
9105
1805
2085
424
6739
6384
3227
4072
8933
3575
5254
4638
6000
8532
8664
1071
2437
9436
7612
7835
6076
8246
3292
9750
7263
4570
8678
8379
433
3197
814
1363
7536
116
4048
6793
2568
1491
2571
5748
9195
4954
3517
7493
8865
2867
2424
3421
5155
2725
1402
7847
1161
757
6514
5995
677
974
5041
2127
629
3372
5114
3668
1779
1850
9937
366
7057
4486
6316
1093
2048
6262
2535
4684
152
7074
3764
5408
5704
5914
4104
8093
1956
5475
3177
2717
7263
133
1693
3359
1971
4231
4862
1822
656
6899
4652
1918
9105
4289
1979
6474
3159
9994
7679
5414
7037
9703
6754
9954
1961
6680
3885
4889
2107
520
9376
8252
3764
2838
3844
5163
5316
13
6818
660
229
4949
9101
4442
2555
6902
1287
9036
4635
863
1124
1698
9668
5763
548
9551
7605
3752
9181
6858
1422
1263
4828
3204
2243
6169
3086
1334
6025
4393
7555
3890
1539
3618
9350
8949
9258
1356
9629
5305
3393
9569
1641
9780
4850
8299
9475
490
1105
6296
9100
1969
174
7511
3586
300
9690
8501
8429
9041
8892
3299
4801
9571
856
9089
8275
2753
4615
8161
8022
2296
2028
9043
6857
4043
2224
2455
5622
9594
7218
5795
6324
7081
5914
3209
7251
6742
143
7019
9815
3989
5577
239
1276
8088
2420
9244
9712
266
5646
248
7576
1112
2181
3220
8039
3435
2954
2056
3924
3435
976
439
2504
9980
2766
8638
681
9060
9316
7722
4152
8095
4540
4121
1028
2639
3686
9301
5105
6287
1539
6423
6456
3050
410
8296
7366
376
900
8676
9754
74
4192
2008
6167
3924
3249
5112
213
468
1705
7938
3837
9639
3466
9574
8275
2206
3067
9948
2660
1792
6713
7306
9343
8204
6560
6482
7706
2180
6309
3204
9005
3287
4443
5256
3110
4682
2570
2173
4364
715
218
1329
7780
5945
4204
9772
8735
7036
180
7976
8995
2227
6369
3786
9400
6566
4628
2269
4893
4967
1987
9929
684
9288
6571
9797
9307
76
5438
7294
7056
8441
8288
5407
4927
8536
194
1756
3473
6619
8589
9417
3283
8301
4549
7965
2730
1635
6138
1188
2496
82
1992
3101
1999
5960
6672
4488
6299
2021
5368
8067
3319
6026
4491
1535
293
804
6401
4259
5236
168
1048
5176
3917
9269
4694
6604
5347
6515
6003
1068
9104
3009
2804
6012
5943
4591
8596
4315
9110
1064
6490
6908
7510
6950
9676
7446
3481
8183
1744
8020
7287
9598
7249
9168
7645
8732
2699
7073
2628
2521
903
5795
8090
4789
7015
2560
1383
4091
2936
9780
6631
3432
7853
8253
4022
5640
6566
2245
9709
797
4032
8617
4746
4998
4062
8949
1229
2925
2468
5797
1288
283
146
1572
9899
5932
9506
1328
5653
7729
8526
8780
4532
563
232
8251
502
9829
1896
3926
3335
8649
7391
1779
8429
2620
8280
8855
5598
1505
3976
9201
3831
3350
9041
5682
6810
2839
6132
2152
9635
2354
6430
996
658
1158
5439
6967
3559
5406
1019
9375
3886
9266
2197
1219
1182
5349
1865
5636
2487
847
3819
7161
5523
4290
4766
7745
224
6713
4901
5197
5351
132
6443
4781
2929
5712
8120
3076
6977
3770
5031
6883
4576
7878
7512
8946
6727
5687
9693
6588
3599
9830
8275
8950
3848
3295
4738
3476
431
4977
9657
2524
6051
2771
6080
6534
9742
3562
71
1060
2430
1685
387
1156
3340
82
6008
8093
987
1225
9792
190
2250
8132
8859
1684
474
9291
7485
949
8890
5190
6261
2169
8798
8245
2071
2597
2866
2424
7044
906
2698
3634
1025
826
6354
7006
1403
8238
5937
2632
6092
9240
7521
7018
380
1273
5716
3528
6006
9355
2998
1463
1271
4708
9558
28
4359
3631
2855
436
8046
305
7372
6668
2980
8457
4059
2971
8395
3226
5932
4120
3668
6486
903
2633
1501
5862
5496
5698
3650
258
3375
3376
3130
2336
786
8823
2587
1505
6934
699
7153
9348
1070
7764
1504
3055
9693
5666
5088
1494
6552
6435
6485
2763
5459
1796
7788
1782
811
2528
2482
1364
3630
7390
5840
435
1521
6784
5099
8682
9408
8318
7813
7717
4158
3678
690
5086
308
8809
7928
8889
5935
2328
7638
7629
7462
282
7272
1999
9692
8891
4149
2769
2644
768
5147
1648
9963
4253
429
97
4558
9941
9657
4396
5949
3297
5584
3973
306
7310
9133
3990
8617
4535
2099
2497
552
3622
8507
7060
1665
1401
3252
5729
9340
7990
7223
2449
8566
8984
1299
7550
2047
5801
7798
9857
423
2493
6809
8114
7452
4944
6623
5937
1870
6259
1964
6274
2387
389
1120
8536
4721
4526
3215
3913
9961
9665
9847
2219
1629
7869
1113
6586
4815
4260
4645
758
4446
1478
7683
7392
1408
4512
6457
4743
4541
4142
4191
3489
3790
7992
8879
4975
4773
9186
4655
7167
7844
3950
6086
4815
5380
1172
2946
5879
9480
8846
4207
7150
8471
4655
3836
8179
4758
508
7757
4128
8385
3750
848
4935
401
964
5234
346
7620
3853
6249
7770
5696
470
479
2644
563
9257
1044
9123
9241
7797
8898
2159
9756
2971
5335
852
6527
4288
146
6830
1909
7548
1858
797
6828
1755
1388
4992
3410
8167
8102
9197
372
6727
7716
3236
7532
1808
4818
9407
9278
6097
8845
4198
8081
8778
1295
9802
8214
1730
3679
2436
6707
5379
239
6295
3295
4025
6847
9066
3605
9024
7622
7379
146
7018
3820
8313
3830
9571
5332
6109
4648
26
3695
1654
3954
3173
7005
5936
2313
3405
1268
7699
6296
7443
9854
9810
4796
8429
2476
8487
439
9193
7882
4459
4489
3853
9831
5364
4284
8571
4303
4276
693
4191
6924
90
9331
5867
3541
1698
3341
7243
3624
9362
7459
9776
5648
3523
2743
913
6060
3388
8890
8408
8496
5056
6342
1873
7985
1717
3589
6847
5595
6509
5934
1075
2635
1943
820
7525
9895
8572
1359
3694
6679
9480
4077
2225
6400
6553
9118
3505
352
9059
1129
6982
8981
5020
6895
4258
394
1112
1399
3677
9211
7349
7473
3072
4877
8718
5403
4628
7580
7093
8003
3401
1524
3244
3472
8934
9959
584
3118
7604
3642
9392
3498
1902
4632
2698
2859
1652
237
2770
9914
1312
7784
160
8895
7033
9442
5685
8643
6823
7763
9355
5005
7363
6840
9301
5241
1314
995
8009
314
9770
2804
2837
5961
5440
4890
2688
6246
3572
5428
2967
3963
9197
5580
6518
667
1301
8174
9081
5399
6779
874
4027
5222
9596
3824
2575
2597
3526
1242
2553
4297
17
8856
842
4074
6249
4206
2103
6637
2330
4808
9111
3599
702
9986
8088
3040
5261
5778
5803
3038
2536
8733
3855
6156
2306
3629
9596
6205
461
2235
2422
826
2608
5016
8805
3446
2969
5419
9328
5964
9445
6821
6303
9185
2356
5500
1017
1446
1372
9126
5608
7150
2364
9160
5678
5988
3556
7290
6312
518
8215
566
5926
4482
9337
7259
9512
6700
337
5617
5280
5784
4559
700
6422
8978
5569
238
2816
4402
9713
9062
5808
9758
2112
3104
2932
2092
7425
8155
8420
2622
7067
5617
9618
7818
5325
7375
9099
2935
7783
4510
7169
7051
6855
146
9691
9220
860
4916
1741
3908
5022
4708
8466
32
5066
4257
665
2073
6677
6821
4186
3565
6963
9813
8930
3006
7314
8522
5486
9699
531
5301
4757
2395
8972
9510
8745
6728
4593
4347
8684
8349
6239
275
99
7505
4297
1171
3046
7282
7929
8564
9764
2200
5488
1356
1307
5993
4452
3286
9333
7434
3214
8049
9121
898
3422
2472
5214
3976
8197
1441
1549
7895
8545
4365
3870
7778
7519
1883
3369
8846
9317
3268
7021
1523
8349
9484
1842
3148
1587
4239
7480
6456
5967
5546
3903
5364
1504
3229
8785
6690
9900
3692
2150
2399
7903
1777
4286
742
4441
1028
6571
6193
658
7861
3860
7509
2352
2197
1409
411
5060
6990
8902
6410
3035
1678
9084
2101
4723
171
8781
3929
8956
2176
5582
1803
8101
7823
4399
1286
6620
9466
4236
8079
6122
1240
7041
449
880
6520
7299
4947
990
5745
3149
8230
3876
2301
7231
3193
8701
2067
8228
678
2371
3043
2114
9033
292
5119
5498
2510
9815
6388
2107
6109
9391
1714
7502
8794
1873
1229
6355
9294
6074
1364
1300
8611
6764
8608
2265
1273
9600
6741
433
2933
4138
1514
1573
5399
5036
2906
9309
1439
8840
3952
96
765
1331
6921
8185
5484
8304
2110
605
8012
868
1918
9406
6962
4892
2994
716
6806
3031
2257
8053
5292
6956
8372
225
8503
6836
8851
2692
7236
4920
4390
4794
9936
155
6273
4354
6791
1158
9695
5403
6838
5586
5745
4433
4875
4977
7432
5487
7855
5475
604
4666
1036
6468
8958
164
2628
1185
3349
4841
1912
5541
9629
4477
9932
4092
5878
6420
3659
4917
9506
53
4334
8386
7005
2722
8088
8365
4336
2108
2363
8198
3872
8845
4729
7983
4664
1194
1649
4108
6340
6974
3545
6805
3414
6622
9020
6547
5977
5262
5537
5526
4803
954
6035
6163
3738
925
943
4628
9936
7501
2928
3664
2935
731
7291
5707
6929
5214
4427
4194
6606
4538
1986
8285
5925
7911
3445
3773
875
50
6719
883
1827
7229
1102
7843
8422
9456
3356
7675
140
1238
4073
4456
8636
1104
3597
4474
3732
3104
2712
7148
3582
1902
7077
374
894
6744
5957
5035
1371
8569
5182
3812
7544
8862
1474
166
1027
8438
273
4350
8913
9301
2028
4686
5462
2957
2562
3967
8585
4111
1540
2824
1663
9557
9361
4146
5230
8249
6833
5274
9692
34
3924
7544
9887
7329
3514
5987
4574
6150
3636
5542
9134
339
7002
3918
7734
5565
9729
5457
2027
7730
2141
4770
7012
3807
3294
3701
1131
1790
7406
277
6917
424
4803
3690
500
8742
2162
5058
3190
9978
6847
9780
5975
4434
7959
3577
8282
1058
2351
1021
5624
8089
7330
2268
6859
8978
2965
1025
708
978
6090
4342
2923
293
4871
2729
9991
9471
7587
7326
2665
9855
1729
9343
2766
4354
9891
5872
9631
3499
6991
5278
8455
840
9413
4875
1316
2100
299
3341
3103
6180
6904
437
8805
5101
5217
6977
5660
4290
4331
8717
3511
4214
7991
8860
9366
9317
3598
5204
7677
447
9598
9615
6108
2536
585
9465
7683
119
5776
2962
4106
9529
495
2879
1807
8028
2299
6072
1759
7006
2970
9436
6513
8435
5187
6417
3028
1247
7963
2090
7876
7038
8100
8914
2181
2521
5836
9766
7248
9586
1641
9646
8278
2433
7672
2488
2764
5303
1789
4950
2227
3593
4254
4748
792
5787
7182
7157
1773
3541
4721
9576
3921
2548
7494
782
2266
7311
8343
8406
4601
8854
7622
5447
3567
5588
5420
4261
6024
4024
4906
4322
5937
7833
5763
8280
4357
882
9116
9386
257
2319
5741
2147
8925
9478
7432
7282
451
7481
7374
1453
9438
2776
9136
2072
8430
1482
5434
7533
1883
2480
7253
3655
4437
9441
1054
7801
7166
5620
6864
3173
8141
193
2801
7154
9099
5110
2304
9157
8311
7051
8691
5456
862
9911
8004
732
1446
9414
5142
8645
1517
2974
159
6652
2200
4708
1319
3519
6676
7634
8999
1459
957
2521
9859
8723
9941
5595
3836
2559
6400
5366
7447
6980
4204
2203
5668
4496
3445
2989
1227
6110
4414
7143
4515
9226
9366
9635
9524
8873
5907
1237
1256
3657
3482
6166
7832
4171
4911
2516
6169
8283
8251
1486
3587
4657
311
7199
8900
3146
2118
145
5660
8282
8303
3782
7110
9979
6980
5561
7066
3821
3995
876
3498
1755
5603
760
1869
2925
6617
1961
3449
3487
6863
1070
9751
3720
7371
2728
8014
528
9142
5652
4215
3513
1587
9169
9471
3186
4746
7307
2926
632
9249
7070
9173
8920
690
2463
1132
7936
492
6100
9920
5929
3702
5756
1669
3047
5202
4114
7584
4408
9794
6120
7503
2832
8280
9880
9203
4270
1263
3804
5313
2177
4706
4864
7278
603
6461
220
1064
9596
983
7251
2504
688
189
5052
1068
4701
2075
3859
9650
8823
5076
7519
4496
5099
5428
8120
3820
7776
6776
1230
5818
2722
6190
4772
6826
8144
8354
4523
8167
2151
223
4457
5896
9401
1701
715
1068
5970
4009
3853
9437
8936
6331
5179
8547
4677
3048
9539
7091
7857
8414
8647
6066
1213
2869
6229
3807
4867
5396
8670
7280
2625
9222
2556
146
1980
4057
3643
4082
3911
6583
59
3562
8389
2360
6305
5922
1599
6562
3556
7873
1249
7937
6129
6860
7077
310
3533
647
4695
8569
2523
1349
2224
1540
3754
751
853
2519
3251
2219
2388
9241
9725
755
9159
9047
4985
6822
4230
1718
6183
1448
2750
1979
5406
9839
8502
6038
4296
8178
3246
1684
8774
3712
264
9477
1699
1242
7685
3282
9364
184
1614
2098
1062
5064
3907
1469
9700
8908
4436
2033
5344
3368
3197
4798
2992
1622
3235
7586
389
94
1440
4748
1696
2863
579
2748
8049
8271
2604
7471
6593
676
194
5252
5463
1570
836
8530
3332
3328
5250
8720
8700
5782
9949
3509
5823
465
1873
3059
1392
9919
1599
9831
8411
9734
440
9670
1546
9198
5940
7632
1231
2292
9664
580
2181
4604
1040
60
5680
3242
1034
3116
3969
6282
9859
5838
9390
5407
3651
4192
537
464
6054
9438
2641
7468
1971
837
9593
2180
2443
6729
627
9925
1528
6057
5540
8454
8363
6454
8462
4848
152
1622
1753
9241
4756
360
8372
7917
4733
1897
3160
5801
8247
7375
979
3697
6064
5310
2317
8762
8018
9639
5078
7661
6810
2552
4625
582
1745
777
2827
904
130
3125
853
9645
9426
9250
9777
6052
9005
4329
7645
5711
6335
2125
1638
5315
8795
9292
9152
8960
8948
7139
2208
4188
8082
3142
5481
7336
85
3391
9370
6759
5325
8940
6098
9435
2087
3517
8571
1105
1366
7438
8872
2658
9293
2708
5716
5755
342
7309
7901
8850
3629
2411
3859
690
4016
4914
5809
2160
9587
9070
633
8873
7088
5229
8663
6347
7368
757
5815
6752
3519
8025
4165
1248
5516
7058
955
4761
6402
5899
6315
657
6796
27
5471
1250
6419
3274
2168
6313
3613
6621
6124
5844
6437
7948
8892
5243
1787
5396
9301
704
2260
9303
1739
193
3928
2884
8004
669
2098
9789
6163
5346
6246
7449
7968
5748
9773
8756
9669
2074
5046
1002
9819
1937
9213
263
1621
1957
1733
1427
6681
8862
270
8950
1649
6773
7579
1049
9170
5179
8410
572
9807
7701
2074
9017
2144
5262
3282
6321
4166
8464
1132
7946
174
3106
3753
2495
4002
9628
3940
7665
1111
1957
9409
9666
9231
3797
9752
1431
9688
626
1075
7900
9267
3922
8402
2450
5547
9971
5407
7171
6968
9449
841
1069
2640
5518
1056
4542
5824
7535
8469
5481
9379
4715
6499
2231
1057
9070
2564
1296
1471
9768
2017
3153
7802
1709
7598
7838
1862
9552
909
3054
2022
4661
4716
1503
4665
6580
7447
816
2330
2443
4183
9053
2538
7493
1626
1061
3377
7353
8076
6166
9383
8045
3253
5632
3977
2849
7016
9131
2799
6083
393
3068
5619
2606
7231
4
3208
8468
9741
7673
9550
2437
6729
8107
9051
436
8925
2264
3071
4826
1885
3189
9983
8369
3314
1230
8237
8306
8216
8142
2477
9443
2345
2971
8587
6383
1639
1578
4749
4145
2911
3343
2111
3256
9017
3161
412
131
9866
4198
1090
6055
9243
7006
2794
8392
6160
3623
1977
5807
8697
1031
4306
5209
7674
6983
988
1885
7332
2595
7796
5894
259
364
3572
7137
4191
3272
9295
8751
9057
525
8410
3446
3642
8124
4065
279
2595
7946
9120
9933
6125
7312
374
5063
6752
2099
9321
8526
9690
414
7898
6337
6073
516
9235
4150
1119
6278
174
5707
2523
5772
4472
9220
7936
3780
3022
2993
4185
6977
180
4700
5061
1332
3332
9686
8960
4892
6211
2444
2432
5496
5152
1965
798
2246
1473
6035
2363
1540
2472
1799
8508
3382
8137
9863
7931
1315
635
7061
9673
9817
8846
8658
6189
6279
779
4159
4723
816
2613
2219
2480
6027
4215
9161
8703
602
7554
2542
4660
5190
6185
5870
755
6278
1127
3097
8495
4043
877
1851
3892
3072
1042
2467
8043
665
2144
5871
55
6022
2506
7083
7301
5037
6814
2726
8044
9672
9958
268
1901
7875
22
3949
4308
9912
3977
7345
2159
9613
4480
5353
9188
4538
6511
8996
1240
7331
8076
4908
3597
1654
89
7634
4764
16
6752
6905
3730
7502
9201
3995
610
4996
2041
907
3792
7825
4478
3685
222
886
5195
6449
9329
9377
2876
5898
5205
4928
2321
6962
6161
667
9485
9049
5500
5041
7422
8910
2494
3540
9160
526
7921
9461
2777
4607
4214
9705
8628
319
6355
9306
8559
9689
5924
8802
2220
711
7401
1925
6115
8728
2768
7122
6926
6797
7744
5382
1814
4950
554
8562
4894
5028
2055
6918
884
2550
4246
1942
4074
9539
2701
755
3145
2568
7343
1258
158
8440
5056
3093
5064
5803
7192
7999
5465
4851
4700
4634
5028
8751
3779
7104
2963
9864
5306
3509
1267
1032
2022
685
6069
7178
8485
3941
4330
5303
121
6107
7405
1641
9393
8504
8530
3092
8999
7506
2162
6405
4386
4330
9280
2584
357
2392
4256
5932
9509
6111
5716
6790
3426
7400
5908
4586
1107
1252
546
3102
2891
9801
3849
3015
2357
5022
1514
7702
3087
3878
7787
7078
1991
6059
1412
793
5963
3780
9307
6509
4026
5077
6042
1150
2884
6922
1881
3086
9760
2135
2050
947
2785
4571
5129
496
5847
302
9046
4345
1731
8693
9012
635
4731
6089
2906
5816
1418
6674
6123
3579
6223
9485
9710
6687
6654
8017
2722
939
1518
8960
2176
865
4358
9609
1699
4833
3440
9281
3060
3239
9123
8669
3117
7199
9197
2484
2390
6711
2863
4967
502
6681
4447
4875
7976
6362
8617
6436
3552
2804
9954
5388
1097
1703
1001
4745
407
9683
4621
3168
1793
507
8407
9978
5178
3959
1210
4724
649
184
4422
5973
8860
4237
3504
3504
6521
5185
8569
471
4329
1706
6229
7246
2087
1406
8860
6632
8566
4197
1514
946
1654
1081
1226
5049
7771
8388
8182
5822
8133
4114
3363
7855
3544
7400
2641
7081
8586
4357
3013
9017
793
3495
2710
5890
276
1791
3247
7425
519
8111
8109
3364
1622
4096
9767
1876
3163
3953
3955
6946
4970
3574
7774
9557
667
6382
6022
