8640
5944
1053
8310
2598
4860
5951
9380
6535
5522
5869
3940
8718
6459
861
1771
8970
1189
7941
200
3727
1623
6338
49
938
9861
7615
1891
7923
6863
9402
8831
6125
4500
2532
6455
283
857
66
5404
5961
7373
3296
7064
8610
355
4191
8326
9383
8755
5947
7032
7748
4669
3318
5783
8658
3003
2219
8091
2467
1934
3725
7541
9106
6417
1062
7567
4119
2793
9403
6733
3083
3792
7394
1995
2660
9675
6203
315
1074
3086
6571
7226
8154
2324
6879
9449
5253
110
5548
7533
8343
2761
9231
3604
3344
7658
4202
8795
1398
5310
2104
4696
3160
5988
2803
3265
5453
9884
6451
7
650
4076
4102
5984
9004
9185
1187
5212
6816
3547
1015
5358
8805
2971
6076
1284
1347
9700
3384
2966
4335
5068
6356
1574
3335
6542
9782
105
460
1286
6345
7843
1893
5257
2842
1141
2367
8902
1745
6555
2067
7993
9104
6181
9400
871
2883
9201
3863
1416
6819
8123
6870
446
3592
2949
4753
6925
7727
1614
7473
4340
2988
425
8513
6943
1255
3957
6381
5128
9849
9878
5732
9208
2133
500
6645
6027
1822
9556
3871
3468
4888
9565
3974
3734
4209
2563
7183
7499
1203
4425
2530
7482
5519
990
9384
1857
8620
2408
5807
4966
9551
598
4403
5286
1542
3624
9214
8327
6207
9866
3079
5179
8050
4390
3463
5834
5783
9668
6133
32
8467
2869
358
7449
3944
2392
6294
3275
4175
6975
5086
4915
7124
1764
4911
421
7660
7076
1612
9560
572
7189
916
3930
7242
8537
295
3453
3776
8877
2474
2707
2488
1642
9294
2099
478
2574
4187
5651
8778
8937
3898
9318
3027
5149
5195
1163
1983
2515
367
7488
3273
4852
6028
7038
6775
6323
3384
8808
4756
2524
4558
7633
4484
974
8719
5739
3385
2554
3909
7760
9046
1160
5217
1309
6363
4858
7672
5180
1951
8156
2703
2415
1564
1681
268
6139
9737
2487
4904
1812
2103
5514
2832
847
9936
4291
8995
6941
3308
6899
7449
8326
4012
1394
5867
6263
1844
3431
5104
2512
8221
7678
7723
6263
9192
3729
5196
4080
5894
6734
2093
4784
4228
2674
6965
4839
7119
8380
3890
8866
2117
6705
5682
4160
4276
8056
9581
7736
9256
450
8969
9341
4441
1645
93
4137
6479
8505
1069
4300
2091
766
1565
9636
5280
8613
5461
3543
8126
6060
5516
2086
4239
5073
8621
798
3651
8523
2552
5921
5416
3637
327
4240
9531
1422
6225
8410
2917
1700
8338
2711
5149
7837
6114
7575
8364
68
7782
9864
2394
1346
1751
9913
498
5093
8150
5631
3318
9928
1499
8591
8645
2458
3196
6942
2452
5590
2955
5281
2250
6419
1635
2089
7267
4780
4016
1299
1251
764
8965
5674
2731
7113
6184
6206
4457
318
3279
3539
8471
2446
4215
4542
5718
4234
413
9593
9489
8859
8725
3858
66
4906
6279
8956
3925
6559
846
9697
4593
8764
6741
4334
3837
5263
534
5711
1250
7743
7882
5029
7473
5087
2627
9553
1338
2734
2008
512
4016
3489
7267
7725
3881
2779
7261
2963
4282
3302
3776
5041
2632
6321
1156
5693
3334
9393
9590
6870
8923
3284
939
6871
3503
3986
8355
4817
94
9286
6073
460
8781
3205
3784
9015
5730
5749
740
8779
4075
9850
8384
2688
6418
2236
6690
3603
5289
9958
8638
7151
2270
9760
9288
5227
8708
3195
762
7902
923
6375
2127
1386
675
9612
3629
4984
7253
8856
8040
471
1021
7789
7962
3275
9518
6711
6871
5932
6237
1938
3395
865
9175
7362
2861
1291
852
7974
7520
6189
4076
3755
6992
7698
8013
1107
3491
7081
7283
8194
2139
8395
2720
9999
5320
7417
6230
8696
1402
7064
3712
5009
2440
9493
9445
6644
2435
9424
2467
580
7657
2824
576
7042
3155
13
303
4304
5072
2523
1937
5142
6672
8571
7051
7690
7097
2903
2296
5751
5777
2919
7271
6198
2146
4503
6150
3993
9870
7783
2505
8563
7121
5167
4189
8826
9644
1429
528
7943
1272
8364
7200
3090
7412
4578
5072
9945
563
4396
8118
6395
3396
8459
2012
5061
4111
2679
9463
9609
855
1460
485
5550
6833
5732
5877
2266
5390
6274
9917
9307
4871
8068
4013
6669
6277
1934
6428
5760
2929
5627
4464
4959
191
7693
4612
1339
5090
3937
2991
7984
159
8121
3147
4541
3243
5641
769
7207
5103
1369
5218
3139
9707
584
5866
3478
7818
4981
7240
8588
3151
4095
686
8944
1741
6194
1842
5133
9425
1649
2624
883
9365
6130
3598
3699
1391
569
7622
8766
7637
9790
8483
3062
4360
1917
8877
8315
8212
6268
516
3374
6238
8262
5433
8867
2890
6106
1596
9563
3981
5470
7863
2819
7115
5194
2968
4641
458
9191
776
8451
6857
7125
9331
5486
8336
9198
4388
9904
6758
8439
9045
6105
59
7252
9862
622
9872
3653
6419
5936
5572
6652
5660
9034
1865
9491
4556
3228
1827
4128
4631
7755
5016
235
9736
6033
741
7257
4050
121
9873
8619
797
5840
4651
3047
3349
330
4922
9150
9526
1413
897
5872
6761
5974
7118
3308
481
2858
9638
5398
599
4263
8617
8517
1289
8446
1475
7699
7411
5731
7583
5291
6831
9260
4019
5188
1708
1693
3403
9509
3334
9179
8972
3553
4536
4272
9171
9178
836
254
3842
6360
6571
258
6784
7655
4989
6010
4901
472
2001
2604
2519
7692
1683
7704
452
7963
7900
5846
3419
3254
485
1095
6054
2687
6326
4224
7360
8508
5334
3758
5765
2163
8879
3817
2132
5889
3502
5467
6033
7941
5926
2455
1410
7687
6280
6715
1324
116
5242
3712
7940
8032
7370
2885
3085
4155
7271
3768
6807
4718
7458
4119
6155
690
6758
2424
4137
2769
5948
3427
9219
1458
2950
2066
9078
4160
3328
8075
8400
7037
3129
858
9413
612
154
1783
5613
4552
6658
8962
3657
8879
1116
7790
5747
6013
9311
9065
5003
419
5172
5294
9316
440
87
5015
4932
9899
5223
4348
9646
5459
5239
4843
6889
9411
3307
6710
6228
6506
6748
6962
2832
7841
9791
2709
8315
4328
4972
835
8031
7293
7521
6672
5380
3935
7686
5908
1961
976
4442
5926
3533
660
249
5077
5640
9485
620
933
9495
1503
4125
1504
8264
4871
8181
6601
6229
2416
3466
45
8492
4436
5116
7287
6843
4698
2020
7103
8231
8639
6451
560
5847
6157
5051
5170
9276
56
8741
7240
9383
5209
3525
879
5647
2790
6367
7760
8515
8580
274
7822
6990
4244
632
7400
2193
5760
375
7942
875
3688
5102
5413
8990
5901
456
7788
4364
4513
3188
5597
9197
5292
4180
8412
7680
9604
6448
8348
1405
6095
3597
208
5336
1725
4571
6726
161
9505
8637
6479
2591
3368
531
1590
3792
8981
9419
2006
7552
2922
6889
3319
4010
1742
8651
5440
1807
6638
1699
176
1402
9161
3816
6776
4917
8258
5036
5846
3398
9237
1377
3707
634
748
9566
1186
3815
6814
7737
3163
5182
7037
1194
7736
5597
9698
4169
6795
467
9178
8223
3008
830
1338
5456
1717
7563
7850
8
127
4656
3256
4447
287
8311
6610
8617
6826
2160
2847
7279
5213
5411
7810
9412
1353
9863
4763
6474
8776
3834
9597
9091
5339
5895
6510
1650
7459
8914
5899
2125
6137
5477
1431
56
5777
8974
3828
9085
3702
775
4753
1683
5578
2834
5401
2822
9529
6775
836
6148
9630
5063
2994
1005
7696
7237
2313
1100
761
4296
453
5950
558
7364
4268
4372
360
2514
4260
5258
4120
2259
9129
4583
2506
5600
1686
9217
625
2797
427
7458
2534
8032
5331
3442
8421
2991
6100
7545
1321
7085
5972
7750
1605
5472
4485
7595
9076
4361
8129
4714
4535
4171
8689
309
4920
5027
5270
3910
8689
5819
7481
9691
1069
7589
4062
305
1968
4341
3376
1713
2876
9576
9582
7774
2943
4783
1083
6556
8541
6968
5905
1218
5097
5837
1967
7110
4773
7730
8994
3276
8607
2587
2698
992
7202
2293
1272
4074
9696
3579
8753
5797
6809
6354
9839
5024
100
8793
5924
9801
6187
3811
2696
127
1690
7651
5514
2857
1901
232
9944
766
3776
8641
1363
4704
1757
9665
9311
2453
3147
4660
9390
408
8249
163
7989
4533
9384
689
2791
5179
1984
5886
5129
6286
472
2892
8588
3269
1380
6092
1963
5438
6271
736
3660
8205
7408
3920
8928
7530
9855
6257
947
4044
4678
277
1725
7141
9300
7035
8974
9929
2671
695
732
4430
4919
2020
359
2614
3375
5512
662
2979
9506
1787
7497
4242
4139
6224
9905
7413
1621
7322
6031
5049
7033
3363
1452
1765
4465
3947
9331
3269
8482
3749
9828
2084
5360
9490
9607
6928
5493
7468
927
9237
3404
8289
3829
4775
7241
7429
4195
394
5317
5138
5138
6077
3308
6856
9040
184
2025
5784
2870
1484
2375
2556
9907
4967
1026
3055
6908
9724
7643
4321
6929
6236
2064
253
4481
7313
7776
3321
1555
1593
6167
5881
105
1056
4660
4825
9087
4305
571
6321
1814
5515
1763
3116
2522
4886
4586
5574
9348
208
9381
8943
4633
709
3923
3642
2469
3748
5562
2366
7678
2106
3543
7669
60
4650
4013
6346
2680
5944
1553
2435
3175
1043
2743
8918
2669
142
9188
9318
7705
3995
9770
4327
6811
5125
4422
5294
4820
1698
4653
5949
4830
661
9256
6126
9861
4223
7156
6364
3653
9098
3198
288
2829
1080
6818
2431
671
8427
8002
2775
6156
6313
9732
5717
551
1205
1178
361
7900
8343
1314
1122
4989
7767
8345
2435
1049
4298
6355
9072
7348
4723
6926
4005
2085
1057
132
9103
6565
2224
6259
9965
4470
7723
6899
5218
7264
5958
1643
2237
5231
6761
4501
5848
5473
2358
2370
3897
5297
3526
6448
3769
1873
8010
6265
6856
6760
6412
5199
3845
6984
6713
5795
2230
2706
2329
2968
8920
5194
198
3275
4991
7815
4768
8838
6741
7076
954
5201
6984
351
4144
3456
3240
1864
8156
8266
4940
8747
2673
5125
37
4543
164
2090
2561
8412
8494
3558
6516
4433
9578
6201
8297
6957
6258
98
9318
4707
9305
1312
2897
8482
3941
5680
4618
4743
643
7425
3365
92
8056
342
1018
9728
6842
3807
2389
6318
2045
557
3421
4423
8103
8384
4867
9588
5035
3181
735
520
6538
6569
5626
7431
716
7311
2754
9478
2016
2088
4932
9566
8542
7839
4074
5272
2404
4837
897
538
1997
6980
5392
3974
4170
3288
383
6083
1156
2590
5036
9555
1818
1520
2500
3859
9250
4527
6088
7843
7150
3381
1310
1732
5471
2878
6941
3048
1805
8838
6829
9267
8759
4321
5644
3765
9082
48
5929
589
9768
5413
895
7862
3489
7194
7254
9291
756
4101
5019
8178
9033
6614
6729
8524
5629
3240
6794
3450
9694
6276
2792
1972
4847
2407
4475
1362
8079
6131
2919
3845
2442
6799
1862
3146
726
3380
5571
8566
4857
4502
2769
1650
1037
5200
4149
3314
3835
5940
1742
7278
3311
3965
2067
9099
8097
1753
1378
8723
3862
2503
533
8501
1016
7937
9107
7901
7692
9428
3153
780
4035
9503
8762
1011
1699
7077
3952
7489
8032
6460
4824
121
7898
7112
7915
4260
7383
8411
9668
2205
2618
1299
5648
6943
3932
6536
6658
5035
177
7535
6270
2740
602
4276
4478
1856
1989
3617
5115
9517
6867
479
501
9248
4588
3851
5376
8940
821
1327
3591
5085
2545
5985
5267
1618
5071
9803
9157
6018
4760
8537
4817
4907
6162
4004
1839
6388
5090
1045
8901
6526
9789
8101
3652
2984
813
2294
5590
9687
6491
2197
7955
2555
4881
4024
1451
7854
5092
9918
2093
1506
450
200
7873
9841
3571
4982
4066
9673
8673
4357
5030
8373
9629
579
1064
2601
3202
62
2589
7812
5643
7815
239
9245
7423
2044
8755
9179
5272
2017
4554
4484
2845
8014
1754
3152
1403
8217
9055
8402
9669
3729
370
4214
7693
9553
5433
6704
2980
6331
2615
1587
8413
4927
5221
9222
558
3503
4155
5145
3841
4671
4464
5893
774
8478
577
6949
909
5535
5238
2148
1551
3441
116
1582
1346
8767
1852
8108
3869
6374
5921
942
2036
7590
2087
8508
5786
8857
9481
1657
4824
2860
6334
2772
5453
4895
9307
5782
5486
8186
9966
7133
4104
3289
1466
7954
4105
8306
6808
3229
2491
8597
1074
4661
1559
7021
4059
84
6745
8220
6348
3785
9373
3455
1500
8888
2132
5664
9320
5092
2633
7941
360
2478
5701
2503
9811
4825
8219
1320
9676
3970
1265
4087
1773
78
3051
3950
510
1406
2737
6538
3591
1092
9609
3194
875
7871
4251
5068
6458
2158
8420
704
6698
8970
8080
6159
7410
4283
9765
3259
6711
2101
3810
8648
6143
5281
9321
3477
1584
4406
4757
1250
7192
5457
4960
9166
183
8852
82
6566
1585
9548
4443
2609
8273
318
3618
4098
4576
8077
6230
3591
7547
6145
2842
7342
8552
3799
8124
2423
5315
8011
4009
2456
2714
1392
996
1778
7712
4595
1887
8586
3646
1055
7300
8627
1762
6918
5109
2346
3357
9189
6603
40
4185
766
579
1533
3909
1808
2881
9183
7246
3144
2941
5581
232
8872
771
250
4552
2134
7564
2812
5220
161
537
3665
2105
2101
8036
7021
3713
5913
3962
5309
2492
8650
1637
8428
4478
7826
5890
6081
2548
242
8767
6543
1768
8648
8658
579
7344
5903
4797
4980
579
968
9128
6178
5861
908
5347
754
2206
8419
557
6310
6195
4890
8434
3111
9180
4906
4033
4224
641
9263
9490
9418
1214
77
6685
6025
3521
3377
7711
8166
6247
1656
6422
4264
7087
1339
4733
1610
3174
7831
5408
5895
3367
3875
9087
3095
5401
5339
6998
854
2310
2188
2429
6606
6776
1443
3378
85
9054
3203
6018
8575
4047
426
3620
4272
5702
8118
8401
4492
2416
7795
4381
7080
5436
8669
7815
5355
3297
7849
7985
9203
9327
8046
5250
1498
5892
2776
5097
1979
8693
5836
6669
3837
6673
3948
1726
1902
8360
8948
5349
5068
3374
8556
2785
9779
8664
2900
7839
5872
2607
7287
6922
841
6566
408
9480
3643
2677
1176
9871
4619
8715
6671
8004
3794
5731
8307
6020
5816
1814
3275
6145
6182
5814
3525
455
23
8151
5143
6780
1673
1949
6836
6178
542
6630
7411
6542
6408
7844
8636
3738
5095
2165
1682
6402
3795
2306
2453
3013
3730
8791
3549
197
6771
7005
8357
9345
1704
4326
5804
4565
5373
638
2700
8773
3625
6961
4254
6275
7152
1140
2361
9585
7649
6605
5556
5434
480
16
4146
9914
1030
6357
8978
5533
3280
5407
2516
3607
788
1940
6507
3819
2214
2983
1306
9095
5810
9465
8220
7963
9887
6281
7598
8482
9157
4349
2325
7509
80
567
8406
6591
1864
6786
1791
1074
3579
6847
3357
2188
2051
1563
1976
2774
9611
5100
9003
6110
5579
2628
6177
3858
445
8377
2947
3522
7102
5219
8504
8029
9202
1810
8456
36
2756
932
6001
1409
3381
3200
2688
3914
8308
3575
4424
663
9186
4216
4250
9077
9021
6141
4592
5208
4148
3865
8195
6161
60
1778
8721
2034
8120
8301
9170
1328
8701
4099
8657
4074
5153
3579
5849
5076
2137
4662
433
5624
1313
477
2325
5758
7188
8008
2042
778
5964
2949
4628
5050
674
7084
3857
3359
6569
4349
3026
5093
1771
4403
3611
9322
9538
8006
3282
9524
114
6809
340
5099
2161
1251
2516
3133
5952
4178
4218
7879
3185
4518
7862
7379
1133
4924
1681
6280
2035
9586
8549
1467
2225
3649
7776
2402
9264
3598
4603
1244
9538
8796
126
8735
3232
7942
7819
612
8354
654
1440
5892
585
3589
3157
2710
1149
2567
9979
9664
545
7011
1252
563
2101
696
9883
8335
5567
3253
5176
9461
7655
190
5794
3781
3400
5287
7134
5752
9459
8119
8668
2295
8091
1233
3247
9320
8441
6004
2192
3620
9959
3555
7098
9431
1329
7328
1740
9185
7104
6824
5183
6211
3396
7843
258
2998
3457
3171
9966
2460
3710
9050
8004
1185
940
7009
8658
3033
1704
7692
5555
8654
5759
3132
8434
1518
6331
6622
2001
3841
1367
4805
1198
6443
1598
4878
2728
5046
3150
929
3617
1717
4783
7339
3709
4309
2360
3891
528
8564
6100
6799
1723
7312
9345
2199
2442
8640
1121
3818
2414
285
8605
4515
259
596
9736
2193
593
7395
726
4156
2890
4785
7937
416
9712
4581
8723
5707
5937
3352
1225
1948
9916
8335
8818
7814
2093
5434
916
9686
6588
374
8230
8772
6438
9695
7150
2449
3806
1719
4969
4008
2281
8920
4870
3862
9616
2116
7214
7067
5720
3900
1595
6463
2541
3307
2280
8188
9584
6327
8236
6399
1247
7112
7744
7081
9917
2929
6774
6566
1769
1803
9744
9015
676
5585
1070
8533
9211
2752
6003
5792
4796
4613
9620
6107
3341
5810
3619
5742
2289
4998
1503
5898
0
4424
4148
9316
8558
7754
9365
2715
2720
3936
1032
9384
8555
1166
5675
172
1482
9072
6903
7850
4989
9137
1085
9336
8019
3068
801
2672
1213
6342
6152
764
9589
9435
7862
1896
1973
2463
231
7817
5614
9815
6484
3807
7677
181
3816
1540
4121
3935
540
4785
346
4190
3129
30
7378
102
6663
8994
1929
929
8231
7588
8654
7243
9136
6474
8106
1289
8461
1531
4508
1945
7447
8767
3290
996
1481
7024
9535
6498
4022
3650
4968
5913
4721
2754
2954
6378
2202
3106
8030
1972
501
2835
8995
8196
6972
1110
2288
1984
8649
2755
5451
1543
3513
343
8824
4034
2862
9761
7353
741
1098
9438
3320
8695
9640
486
5151
4957
2366
4850
7076
4785
1049
1217
9328
7665
534
3962
8830
5912
5128
8614
5862
8930
9562
8523
3081
2492
209
1257
9445
6498
4828
13
3065
6516
1953
4871
3877
4150
4349
1056
9044
8751
4381
6566
1548
8322
3071
9461
5076
631
8697
5955
6419
6439
5295
4001
9946
5552
6190
3506
7419
2972
2750
3544
380
6788
3998
8960
1675
1663
8375
3612
7269
1777
5033
5192
9485
4914
8328
6993
7990
4988
5846
5347
5442
3813
7285
7492
568
4094
8733
3608
2641
4772
4545
8434
7781
6689
6852
2457
9364
1248
993
11
1896
7270
3669
1764
165
1537
9460
2086
3219
6701
489
7566
5780
6104
3507
1534
8076
8907
8390
890
8742
428
2200
5752
4439
2000
3320
9466
4167
1858
871
6414
5829
3583
5690
7673
7576
1417
454
85
6670
2450
8192
2598
4191
4074
390
4796
4757
1407
8184
6525
6624
3425
2679
4165
9013
8446
3410
8725
351
9292
7083
3199
3171
5993
2333
1900
8914
9178
43
2340
8579
464
2895
1127
3233
7098
2351
8886
1769
6845
5969
5646
1973
5724
3087
7374
4963
5532
2308
6360
2359
347
9897
3028
177
1155
4278
4390
3357
5621
8121
4879
87
5609
6153
8532
5644
8560
3837
7655
1328
21
9276
1974
5273
3784
8336
4036
8378
2882
862
1128
446
9472
4073
1394
8702
4069
7747
1918
3317
4999
4656
9600
2310
6977
8852
1379
1228
3757
3867
9004
1410
3499
2670
4931
4304
7097
1306
203
8294
9078
8558
2157
8813
7911
4653
9686
2142
7540
3112
6457
8202
4795
1112
7944
7912
7970
5444
6420
6242
297
3074
9195
2948
8318
7606
9261
9165
9205
5523
4256
9518
2991
8996
9191
6240
5362
5246
735
3890
4143
5998
6051
674
7994
4364
7083
5174
8894
675
2078
5276
1003
3244
9650
9529
7205
4778
7147
9775
1226
313
4327
7951
7630
7873
5335
9227
4120
8824
6885
8276
684
882
8180
5413
7857
3108
8597
4572
2041
8815
2453
5644
9308
9359
6265
9588
286
8976
2834
5885
7888
8475
8239
8412
6470
3461
2303
7621
5733
1012
535
4017
5168
7205
5631
371
5201
6784
9658
7847
9282
5378
3806
4263
7159
4134
1211
1110
3305
6436
9747
9590
6041
6441
5932
4955
2296
9583
8155
2756
147
5881
7207
164
6253
7964
4870
535
8172
6990
6711
9573
2147
1364
3558
7041
5417
5066
7248
8828
8332
4698
104
334
5693
6952
4402
3695
8540
1089
7545
8086
7364
4234
1093
4553
5221
825
6905
4189
4520
1394
1655
1235
4427
9976
1784
761
6756
3965
4521
3911
6973
4955
7049
2429
3531
4213
5124
8132
3112
1844
4466
2318
1581
4401
3122
4743
436
1727
659
1667
6375
157
527
7803
7245
5853
5206
7467
1066
9003
9875
6174
6092
6911
9255
5052
8947
1566
3991
6966
4750
5198
7494
5053
7854
5530
1507
1473
4311
974
8842
6621
7523
4844
4683
6793
6656
6801
3686
1344
3351
9251
8658
8767
6016
6130
8052
4763
2563
1653
3739
4427
1848
6966
7528
4911
1236
3375
4810
4604
2766
1854
6311
9775
3179
9841
4474
9851
3730
8017
9224
8111
4131
1720
9031
5373
1249
3893
7049
516
7260
9084
8884
3097
3800
908
8040
174
8437
8592
7490
1567
7195
1731
950
5184
2266
6271
5437
6822
7142
8820
7449
6896
2339
905
8770
9909
3691
9550
4245
1163
1694
5600
3151
9225
4831
6711
7814
1919
1967
7524
7967
8314
8927
5652
7033
9001
2188
8412
6969
2318
8255
1877
1612
4630
726
824
4576
8720
8342
5372
6654
5468
6334
7743
9409
554
342
458
6194
9650
6791
5497
9175
2756
6189
2453
1091
729
6106
2609
3514
4796
8716
4938
9086
2926
3760
9559
3882
5275
1519
3909
7420
4613
1978
7018
2093
6647
5747
7616
827
9434
9480
2607
1619
722
3569
3360
287
6985
2710
8697
8241
8127
537
5056
353
7466
8025
6293
9155
7372
1573
7840
5440
7214
782
2562
2150
1702
7805
8510
7907
4537
9855
2016
8935
4399
3980
3091
3283
7757
8504
3906
9225
5669
8687
5320
502
9883
5120
860
4708
6823
2095
2325
7483
6824
9786
6310
4461
9881
8462
6301
4916
8559
5145
738
5939
3279
3121
3465
3607
5166
2569
9289
8135
6839
6176
4085
3224
2148
7066
5780
6005
1662
7632
9864
2805
1946
6934
658
7772
3124
1192
7467
5875
1064
6635
2933
9192
7611
6442
9499
5525
4726
3849
8630
1406
6186
1647
6697
7303
3459
4197
800
1466
840
1900
7644
271
8545
9609
8634
7131
1480
9829
4780
9081
5726
8814
5697
50
4341
8602
8016
2406
9103
918
9863
3931
4962
9462
9724
5612
9617
5568
9939
6775
1415
8499
7399
7978
5050
5650
6555
8816
5926
9908
2784
7357
947
1025
7353
228
5569
5440
8746
7599
4372
4262
8988
5233
5197
2287
7680
6607
4915
1854
1020
1687
8260
4118
7758
5363
9876
6882
9207
7770
3684
2502
5778
790
3008
1621
8241
9849
9489
8432
7933
7793
8782
1050
6484
8153
6268
6188
2263
8322
6527
745
7724
9335
6251
4260
9102
7835
1419
5138
7496
7528
6054
562
8285
1984
1694
4612
4011
8003
3834
1654
4432
8892
4012
2413
6232
30
3972
8209
4073
4861
1384
4856
4120
8033
4971
1443
915
3887
580
787
8626
2651
8727
7752
8040
3794
8433
8811
1416
5808
1835
1248
8322
4381
8933
3215
6922
6383
2100
6466
6848
5394
5567
2115
1713
5588
5904
5921
1642
4714
5766
3760
8758
3660
4609
9787
1465
9578
6925
9491
6597
1961
655
7384
1998
6199
5865
4331
5978
7089
6509
2736
4187
5651
6185
8677
8980
6102
2132
8894
1035
6339
401
7072
8177
4463
9150
8272
1645
5933
6288
2534
5877
797
2345
8718
3786
8104
9340
7424
5965
5071
1689
7539
8784
1913
5767
4313
3412
9283
535
8219
5016
4224
2938
2849
8962
2290
8155
7042
8813
7952
6680
1080
9053
2847
7286
9362
4039
1543
7357
2217
3514
7474
9848
7731
4149
7514
9139
317
6062
2246
6485
6627
3019
394
9367
857
5146
122
8116
996
3319
6953
7443
4677
5187
7891
138
8344
3741
4025
5150
6272
730
9350
2465
6589
8848
1823
2814
9906
8574
3828
1042
2432
7857
3057
8224
9521
5388
1629
9030
7438
1119
735
7733
930
896
516
8294
1568
5615
9986
1440
7260
9116
9839
4384
6401
3218
1751
6876
1112
2732
1384
661
2749
8062
8719
8106
9453
8135
8591
9722
9912
1745
6318
9657
9659
1143
8179
2811
6285
7721
4156
7197
7742
5978
848
369
3553
8608
5737
9364
2199
2502
104
9376
9199
2749
6805
7673
9482
9288
837
5666
4540
8790
5182
3905
9538
2529
1751
1876
8044
9566
7436
6900
2441
3354
8239
4184
6117
9096
242
3154
9548
8568
4811
3504
6129
8965
6780
8164
5170
2370
8679
9310
8867
2878
1020
7891
7254
9082
8585
6742
165
698
5260
2298
8021
9421
5501
165
3937
5728
8751
5351
8061
5375
4274
8845
1321
1540
7767
8403
9848
1192
7835
2894
3185
7155
9978
6378
9156
548
8068
173
5699
1822
8468
8670
5357
2414
9943
7291
1221
3239
3255
9167
4068
671
8012
373
9211
5450
663
2310
8132
5019
6868
3779
4386
5256
3397
4621
5402
3189
9675
7406
1886
8393
6673
3581
4314
7042
1363
5755
1625
9285
8258
8307
721
7550
5598
4438
6588
656
2765
8914
1955
6232
7115
2262
2290
1789
3060
4001
6612
3063
3533
9578
7129
6722
4129
8147
1023
3402
3244
6039
5843
6172
7259
3856
5896
8984
8473
3460
823
9472
4881
4855
9089
499
5117
1902
8486
5313
8938
153
3018
1821
3470
9690
441
2583
8108
788
7655
8401
6423
487
1693
5081
1756
3664
2592
4876
4245
3129
575
6407
956
9402
4169
9441
7556
2342
7670
3816
9428
3610
6114
5001
2577
1045
3426
2314
9757
3497
4692
9663
5278
7373
6709
2800
2737
4228
1836
1593
3498
2100
9001
527
187
1957
2226
5794
8678
4632
1481
2693
4102
2931
2808
2811
1261
8202
4725
6422
7477
590
5715
1952
6411
7475
3223
952
4669
5078
8079
4012
9104
4194
9471
306
1644
2069
4703
1076
233
9049
4845
5226
8951
338
2068
3427
7804
414
6992
5682
2786
9975
4663
6086
9827
3149
5957
7723
2000
5663
7097
54
8019
3088
3783
974
1389
1941
7984
5760
3904
5419
4803
5560
4127
9853
4079
8781
1417
7586
6348
9746
8694
6903
5623
353
2616
9902
2110
2087
8149
4733
6392
7733
5599
9522
2877
4380
2093
1440
4423
1928
6235
5945
1857
4185
4188
7927
1887
2851
7802
8712
4349
8245
566
232
5095
4426
5137
458
3948
543
6999
2228
8094
4692
2403
984
40
1336
5159
5607
5863
8448
6068
520
3806
5912
842
6581
5555
2457
7203
2831
2448
4391
9496
1191
6773
5780
9698
1339
3885
6335
6895
3657
4358
246
3500
3924
6630
6480
5338
4668
9667
8631
4470
4561
2081
351
8195
9037
8807
544
4963
2470
8956
1080
8172
4631
8819
8608
1734
1931
2078
1184
7135
6989
5269
9924
275
8433
277
5620
7849
6543
7239
405
7170
9317
587
4893
485
7856
8185
1982
4586
9590
8505
9501
9249
2791
3637
5236
3498
6059
6514
9518
6965
2033
9237
2504
4737
5453
5607
5597
7998
1854
5054
8977
9485
4703
7037
183
2339
5566
4693
1848
3288
4036
4015
230
6215
1557
152
43
230
6057
5594
5197
7073
2326
5901
9564
6324
6471
7448
6629
3299
1439
8178
1997
3752
4618
6792
8106
1507
7808
7957
6226
55
4483
1151
6845
6763
9218
8581
5871
8852
9343
3223
745
3586
9515
1529
7512
1209
5712
6545
7172
8092
6356
6298
7229
9269
4767
9200
2256
4113
8958
2861
5490
6203
1885
5290
2017
8658
7731
7709
2944
9137
7488
6400
9078
4558
242
6918
2138
4113
4843
7771
1269
658
398
2244
2712
4712
2983
6431
923
2392
270
8713
99
8430
5419
983
6125
8105
6476
4669
284
7402
7794
5302
7728
8970
5534
7792
5647
2601
165
844
8409
2845
5102
3019
9432
3078
2051
4817
2569
4942
512
882
8891
4372
934
3916
8353
624
8521
7213
9631
2681
7360
5875
5577
8220
2678
7707
6202
3899
2313
3538
5871
2184
7253
3318
6481
9113
5029
8691
3804
9464
9094
4959
9867
668
1901
5377
293
4412
9376
8488
1847
5413
9657
4921
2084
121
9617
3448
9967
4193
8453
7392
3588
6508
8901
1558
8728
9239
3068
6719
9866
8004
1705
3400
3486
3507
2855
9213
2054
6215
8257
4311
5848
8617
3600
7686
9014
5394
1824
2931
5644
440
6976
5929
1493
1069
9868
8402
6984
3994
5741
747
7600
4702
8453
4680
8457
1689
5345
1297
859
9700
1843
2948
7
1578
5121
7944
4661
6657
1696
5603
1521
4674
4702
5364
9379
8163
2758
7786
665
2960
3856
7131
938
6034
4493
4941
28
2183
6383
1494
2153
6319
540
7385
6078
6032
1240
593
587
9928
432
5341
5005
810
6571
7823
9243
9243
465
439
2965
2192
4789
578
8875
3555
3165
2147
778
8179
9388
8115
3207
8682
7237
105
5606
4839
6639
6737
840
8611
2422
5854
4668
3955
7843
7046
148
9542
6186
9918
8515
4154
294
484
5946
9145
1630
2728
3907
9649
7634
4887
9215
6423
8563
364
8849
3171
2730
1272
3690
9996
2130
8584
4787
2209
8794
6611
5579
5188
5928
1122
3548
144
6839
9774
5210
2750
9001
735
9029
6402
198
412
1905
4573
8654
3966
6189
2192
9236
2983
5852
4250
3478
3104
2384
978
1916
639
3282
2832
3518
1328
8576
5238
8415
6233
3724
2632
6980
9492
459
3640
412
136
639
4428
5407
5537
2051
5239
8252
7121
9220
5913
1731
20
6769
9779
1610
7011
7635
1756
8115
3708
3542
5706
1865
6352
523
8107
2993
5736
8011
17
6799
803
6020
6913
9246
3303
1319
6505
824
497
90
7890
7887
6373
1576
1537
6389
3078
4487
8499
4218
3358
5497
8956
4710
1661
7100
4792
5826
6283
279
8193
6529
7425
5987
8460
4372
6365
8250
2217
6026
9071
893
7945
5551
3533
9315
4411
3567
3876
8524
3974
4175
5827
8760
5960
5463
7569
378
2350
3756
7165
440
7890
1365
2739
4429
9370
2532
4471
7890
4325
2517
8034
4421
7700
330
7611
8397
6080
6467
2839
3110
3088
3195
8133
7584
6186
6455
4700
8201
4732
5189
5288
4535
1453
6110
9179
2280
4683
9276
295
9994
6676
2630
4403
555
4122
1713
2345
2689
565
4106
5011
2653
6860
6858
2298
1327
5031
9159
2732
7297
2921
1792
2578
2264
1903
9551
3327
1130
7554
2712
4212
5435
3698
8935
2103
5498
3523
7458
4512
3551
7528
3404
2757
7449
7043
1118
1370
2112
3752
2009
6737
3769
180
4132
2637
277
3494
7910
2885
9322
5111
4775
1571
5130
1585
3311
9560
3496
8052
470
1823
4372
4078
3873
3980
1039
3238
4826
7945
4997
1899
726
6014
6069
9793
9807
9887
7967
4771
789
6136
558
6835
4977
2474
1445
1975
8525
9783
1074
4685
8199
3325
7617
9084
4819
2832
64
2518
4724
5195
639
2243
1137
5431
475
5306
4081
1221
5755
4124
9622
3903
5006
5421
6673
4048
2119
8132
2294
2957
3761
6729
4510
2301
4365
9975
5036
2925
6616
1544
2968
397
461
8211
4499
9262
9074
3278
3020
161
5888
7850
8614
4016
2897
150
5820
5221
6676
3626
3868
1528
5316
7807
4077
1667
6352
2050
5006
3048
3092
1188
7132
953
4319
3816
5318
7523
231
8523
9130
3501
5726
701
8196
8275
632
2763
2234
4001
5343
3523
3096
7795
9462
8354
9268
1882
508
284
1593
5375
9551
3647
2714
2917
665
6091
1677
4812
1582
1848
9483
455
3533
8952
968
1907
9387
5821
3353
7246
465
8056
1999
3989
4111
4615
9523
1335
6007
3636
5246
6182
3559
2064
8156
2021
9215
17
8056
1647
5499
307
6359
4318
6771
5946
147
5539
6213
3579
494
2942
421
8811
8842
4873
8093
136
3245
9259
3793
1851
9688
9057
2553
2652
2343
7200
6114
5957
648
8304
7076
9938
381
6607
2885
158
516
9652
7644
5358
7617
4980
6041
7410
4709
2818
384
9761
2182
1118
8639
4773
4120
614
8689
9304
4619
6619
1605
9588
5195
1149
4605
1009
6145
3715
2602
5751
1869
1546
5794
1408
2578
429
9521
6693
2571
5401
1839
6118
8315
6521
3672
4146
7919
8711
6194
720
7296
6195
193
4329
7294
1488
2556
5765
358
6060
5717
5630
4959
4807
6967
1281
895
9314
5838
4395
8865
5486
9413
8626
3236
9612
7425
7925
7826
3149
1222
23
662
624
3308
6280
5232
6893
7055
8667
2473
9739
9383
7000
9947
1265
2758
4702
2005
6884
6669
9335
7556
3813
2893
4976
39
1972
3372
7080
7654
8903
4209
6878
494
6911
4476
1645
5303
5045
3860
9138
7822
670
8905
9423
7343
5459
3656
4931
8024
8399
6805
86
6719
4090
4131
5137
7704
8028
1972
4903
480
1817
4723
2111
8062
385
6982
6670
9630
73
8843
6812
3249
1257
1031
5373
1465
1600
5146
4639
5006
6395
3066
6174
7608
577
8766
7841
7979
2939
5210
8818
3344
6835
8820
4831
2644
3236
4038
71
6486
1391
968
9271
5254
9525
9743
3296
6375
3034
6317
4275
6707
467
5723
1741
6225
8175
452
9582
4765
3010
3633
4679
4444
8696
8895
2042
6535
5531
1445
7969
3123
5033
7768
2292
615
775
4542
3163
4331
4204
962
2934
837
9541
2402
1740
7396
5011
7596
6107
6006
8584
5900
3587
2834
5159
6039
773
2555
8745
2766
1317
1087
7496
3322
2594
9532
1744
1250
4528
6735
5112
1182
1729
7828
6645
4515
610
1344
7534
2573
6415
8066
9445
814
1191
624
2714
4891
2687
4060
1783
6986
5836
4042
2071
8739
3078
1257
7241
5291
7087
7577
8286
3491
9655
2087
6194
6162
3461
2758
8094
3467
9246
2619
2718
1871
9497
7675
4791
990
1205
7450
9512
8679
4444
8096
7691
5132
570
2232
9307
7489
3729
9386
8237
7417
1962
5762
3757
5558
9754
2366
5032
8291
2076
6034
3272
4293
1167
8794
2475
630
1125
7183
3774
674
2189
4616
256
9098
6074
6722
8861
2352
6099
1675
3428
6609
1027
4995
8339
8943
9481
1009
5274
1718
2617
1253
6616
4576
6341
3435
7720
3214
740
3278
6926
9229
3681
5559
6486
695
7503
9949
9853
8873
2650
1889
731
2435
9716
8688
7148
6997
1850
6213
9412
4313
2802
2188
4302
2526
1927
7898
9060
6105
6460
1332
7853
1679
3022
1287
241
3923
4935
3727
5913
3808
9203
8853
2397
93
7257
9759
2881
3763
6467
1258
9292
4256
5285
592
1824
5805
3420
18
9823
1982
9924
5026
500
6622
6238
895
1378
9702
8350
4600
9501
7482
2000
8717
5509
7210
7609
8902
3490
8056
7012
6757
8108
1573
2433
5456
9023
6966
9202
6372
8843
8696
7627
1134
4899
6572
6212
5029
7074
1346
7877
4474
3558
2064
3265
3404
3956
4943
333
849
4463
7382
7426
4720
2981
4868
7824
4884
2978
2999
7349
1969
3675
1614
3037
7034
688
3130
113
1207
5669
2551
6537
3749
5657
2374
9256
1561
2886
1588
3957
3129
3597
4351
592
5132
57
542
234
482
3418
7370
4942
2452
6306
8486
1211
718
3141
4649
9333
1649
3007
7864
5488
6962
4654
9161
824
2000
5677
8682
1849
7325
8274
5601
9517
5025
2088
4534
139
4248
610
4561
9869
8792
1367
6785
5919
3303
1691
6400
1910
3591
1270
5666
1769
909
9834
4899
6472
9651
3393
9602
582
2837
5236
3204
1007
46
8520
6539
8702
7944
5774
7114
5133
4486
6849
3570
9258
4038
960
3237
7471
2112
317
3649
8545
5297
2566
2081
7908
4004
6754
675
808
3141
2861
8589
1860
8536
8083
6741
9273
4993
3966
5169
5661
5257
7312
7837
3773
7814
4277
4766
4651
5453
1521
6799
7847
5860
453
4008
8102
60
590
4779
624
4548
5940
8954
7539
8094
3879
5042
1377
4858
9496
8507
7607
1247
9603
5370
7080
5176
9709
3009
1035
2843
4111
7867
5821
8
3981
8075
1842
1781
814
7445
1441
7464
2947
6184
3355
4657
969
2790
7219
9928
3813
1088
161
1718
1061
6098
8980
4831
8585
2568
5585
4819
4002
353
471
4956
5669
1569
8798
8028
3877
5461
6355
150
5822
8267
8153
4067
6463
7008
661
4900
5919
8099
9855
2247
241
3946
1079
8661
6520
3295
3571
6048
5142
3983
1902
8359
1719
9958
9067
1014
8735
7977
1014
4982
2238
3210
486
6147
2102
7119
8737
8671
5258
5485
7368
4424
116
9189
8912
9226
6945
5457
4003
649
3342
2686
5065
1446
6171
7678
1236
7257
1307
108
6990
7211
385
5454
7307
1269
9355
4178
5625
8714
7123
1999
6837
8049
3796
3307
6554
9781
7124
7398
9568
18
2619
5077
4998
4658
7547
1430
2943
1015
1447
9038
7645
6220
6238
4792
5141
9433
6996
2602
9161
7969
553
3738
7659
5828
2739
6338
3745
6779
6687
5710
9052
3148
4034
7430
4576
5780
8004
5970
3922
242
2399
2619
6502
9290
3337
7781
3770
1829
1202
4394
9821
4224
8740
1184
8800
575
7466
6728
5509
4890
8654
7899
2278
9451
7025
9159
4752
574
4987
2394
1570
5034
2760
483
8114
7851
5060
1663
2419
4922
8136
5874
2217
2002
1916
8749
5601
4904
769
3692
4271
4500
2955
7546
7541
4079
3249
797
7299
5922
5375
8936
9002
8574
947
7639
1432
6250
9401
779
8430
7012
9035
6907
9098
6947
2771
6812
9085
3427
3430
2058
4476
1728
2465
1978
1529
5753
2920
4476
58
5448
2135
4256
5600
578
2160
576
5676
3006
6241
5484
8449
7315
7798
2634
7833
2703
4337
6260
7764
7456
2431
9631
9710
934
1518
2433
1764
7077
3646
6900
4681
7664
3470
3231
79
3249
7841
5872
8703
4573
7128
3561
2104
7530
1073
7696
9414
307
399
5533
1943
2193
1664
7036
2317
9730
6944
6724
1529
7365
1765
4829
6873
6601
4471
5247
6041
9718
7637
1292
7875
1595
7551
4146
8194
5916
851
2964
9948
66
8392
160
532
6435
5151
78
5522
6483
1582
4405
7303
7959
6187
3056
9138
4941
1265
4988
26
4991
3868
9397
3430
7670
1713
4131
3358
3858
9545
4772
4647
5947
4799
4806
346
4763
2747
4598
8044
334
320
4441
8688
59
4725
4884
6023
9655
7669
5730
2079
9403
8485
3639
4353
607
9810
7092
3270
4946
7580
6639
4329
2458
3055
7806
7919
2246
8366
3817
1221
3706
8607
5370
844
5038
2943
5106
1863
137
4337
5131
8796
4556
2534
6976
6739
6190
7803
4698
6312
6544
3488
3500
4407
4037
3949
8209
3801
1635
678
8199
8627
7305
3483
7972
9424
7267
5486
5482
1023
8840
411
3519
8888
1775
8122
2965
4667
4433
9697
626
9759
3860
6489
8437
6385
6935
8516
5322
9376
3064
6338
7797
8188
7642
7110
428
7994
9437
9919
2722
645
4404
7677
4687
1233
3048
2872
9372
3570
8342
2311
6987
8458
6524
1578
1903
1851
3596
3447
747
6158
6240
5685
7114
6808
7035
2788
6000
7977
379
3066
8958
5889
7305
7203
9183
5438
4479
6899
4270
6099
5173
2561
3226
6013
7653
7119
3456
8974
9552
8984
2926
7608
5147
967
2450
7481
6119
3489
3180
1081
5395
9852
4726
7678
7972
8504
99
4890
2230
2257
4652
497
196
7230
7554
8467
5429
4927
5982
1493
2795
9322
4175
3430
5240
7043
1761
8914
8861
2874
8370
4226
9067
4630
4445
2943
7435
1180
1365
2314
974
4915
7524
1466
2951
5241
853
478
7173
2860
2426
218
5675
5508
234
6386
3144
4603
7006
7648
63
8829
1038
6983
589
5033
4395
7369
456
9078
8539
7835
4839
9214
3513
3538
6008
2441
3098
4009
5907
9904
5021
7019
9275
843
2300
1597
8851
5880
9006
2670
5380
9476
1394
1496
1588
8300
3194
633
1163
6928
2094
9526
851
4829
2973
6940
6227
8870
2269
9500
9439
3762
7017
1318
297
8783
1573
8356
414
2859
4797
2542
3819
1713
546
4926
6441
118
4779
4158
1182
9509
3216
6469
4894
6235
4584
5966
8520
8534
5771
9559
1925
944
6906
9095
455
3337
6298
4427
1151
7994
7480
5011
2758
2231
3171
4372
5104
5965
3882
1345
279
3286
2092
4315
140
4668
6457
9850
2106
1689
4346
5136
7950
9351
5155
4364
8348
1969
1298
2857
9335
7420
8578
9133
5453
1042
2681
4307
8430
4938
4011
328
9487
572
8698
3335
8013
2590
9740
6126
9280
9611
8493
4210
9090
3363
3432
3184
3852
997
27
1282
394
6664
2888
9891
1044
7502
8891
6511
5991
6101
7926
9212
6744
6169
6093
8979
1624
648
4717
6505
6658
1868
7380
2970
2994
1432
6335
144
5005
3498
9101
3730
1612
8861
5835
5315
7071
8838
8178
2499
6404
7314
620
3817
5032
6522
6213
4932
1725
7140
9417
5240
8954
6104
263
9493
4954
6167
5621
7360
7387
9700
5341
4932
9322
5463
3325
6101
4480
1176
6154
8457
150
6578
4796
7927
3004
1371
8154
8674
5153
9978
712
9999
5223
306
402
9927
1970
6917
6933
5966
6009
9889
5319
7129
8602
9456
4098
7728
5133
3063
2829
2669
4899
5867
8845
6028
8126
7900
8970
9529
5780
1148
7926
5228
7636
7586
1474
7177
9333
4867
9031
112
9698
9808
7395
9372
5476
1068
4585
5079
1818
1492
279
5452
3326
7472
7326
8558
2303
7386
6962
9230
7956
3677
8931
8027
2727
3452
6494
2079
9690
621
5517
3460
7976
8559
6259
9337
1610
5990
6257
9561
759
429
2809
1586
3442
2832
3943
9646
24
4351
7468
4971
2461
1093
8760
6515
5163
5585
9224
7092
4616
4292
9068
8169
453
8997
9969
7625
1510
6078
5479
8722
6628
1841
9622
5247
1410
3880
7027
7359
8991
8213
1155
4965
4951
9388
702
697
3995
6115
8095
2465
8695
8089
8160
6398
8708
637
9498
4576
2217
2575
5866
8371
48
9214
9980
7437
6871
6872
7508
6446
3251
7434
4811
6501
6902
1481
9913
5843
1425
6394
2622
4936
6080
1401
6300
4298
668
5054
768
9567
5507
1820
3138
7199
7614
3584
876
5917
762
8733
9401
3582
8840
6173
4631
6498
9062
4184
9511
8344
4062
4275
2320
8899
9574
8395
3753
8503
7506
3779
9202
2823
2583
3460
2467
3893
4387
2065
7202
7638
5644
5887
2778
5112
1907
3435
2014
4565
7394
7661
9186
4089
6681
3884
8116
92
2198
8093
1770
5129
3012
8702
6748
9727
1282
1166
8337
6764
8922
8867
4402
3672
8518
5604
9253
7293
9358
4722
1855
8557
1527
7390
6304
9336
8486
7899
6270
1781
1266
6967
9320
1262
5486
4973
1436
7618
5762
5844
6892
5854
762
8825
3654
6646
6152
9831
9952
9042
1983
6182
3327
2629
5701
8631
9505
4073
1867
2320
4790
3436
4956
4022
2310
8961
2121
6403
9414
5108
8706
1344
796
7568
459
3426
9525
670
2902
1528
6001
7178
98
1260
3181
7797
2214
3384
4811
7895
3661
3750
2344
1915
1381
8390
5324
1740
5887
3359
9482
3879
6015
2684
6583
1782
2076
9333
139
3772
1032
3517
1496
4165
1674
9852
1533
4988
7373
9858
4229
8369
8912
9169
9684
5150
164
9411
5846
3575
4914
3174
143
2997
4009
6751
4506
1472
8201
9407
9852
2829
3541
9807
8991
8361
2974
9948
157
606
9933
4422
6853
1904
7129
8203
3552
8319
6508
9226
987
389
4383
3038
9141
5715
9122
5520
900
4824
7456
6240
4401
996
9480
9440
7465
6753
1688
1787
3275
4581
2054
6084
2467
7123
1047
7912
3106
2537
7769
7860
6720
4050
903
5403
5496
8778
98
1763
3027
9859
4505
8173
8589
7641
1776
2825
2809
212
2568
4513
844
928
2744
3440
7653
723
7891
52
8828
6033
2527
817
9599
8866
9402
5884
4054
4235
2694
7271
6436
1550
2567
7827
6434
773
7559
580
803
1231
5563
5310
4356
803
3803
4145
4387
5860
3125
862
3944
7833
2163
9163
996
572
2506
3656
2522
3741
6869
3553
4810
1445
8424
3121
3848
1980
976
4865
2594
4168
6450
1069
5122
8063
8276
6872
1151
2999
6724
3329
8340
3940
4926
2110
3826
7838
2430
4358
1013
5367
6488
5061
2327
9778
9929
808
3795
3853
8521
3221
2671
7994
9975
2529
5062
7317
1396
5777
6530
3300
1924
1973
4976
6018
2505
2115
1776
6247
5359
5492
4082
2901
1516
4897
8507
95
6019
2492
3962
9923
6850
4913
9350
1534
5482
928
3
4487
4035
7461
5318
4478
6489
113
8807
2571
9108
2458
1032
4802
8331
4321
5272
7662
2716
3025
5569
6373
9222
3154
6921
7089
3109
9760
7745
1215
5053
7156
5466
9865
8648
432
7122
9173
6465
9652
8189
2628
3024
7335
4511
4913
8628
8276
4152
2802
8848
6991
8283
2634
668
2182
2797
553
7756
9478
5255
1304
4139
3405
4953
3664
7720
7072
7463
5819
2443
3342
8806
1922
706
4440
8585
1894
5653
7846
5859
115
6361
5124
6324
5069
7603
6893
4435
1250
9879
1518
9537
6660
4695
7319
746
4084
4717
8092
1385
2020
8322
9571
80
1571
3336
63
2312
8957
5323
1988
3139
9341
1597
2260
9127
6657
3387
8559
5063
5780
5019
5401
8983
7970
815
8641
7192
7859
7531
9504
9552
408
2558
9627
4091
9265
5900
6669
9169
3702
6947
6026
890
9973
5485
7953
3237
4279
18
931
8463
8837
5500
1558
5703
9500
6872
8370
6495
3317
4426
2076
6855
7021
1938
7483
6985
2937
8758
2987
1268
7120
2612
2044
3198
5566
736
7178
2169
8344
3132
1270
1629
8145
3240
2669
1003
9335
8141
405
7011
5943
2486
3302
3515
2166
7827
2063
2900
6959
1719
6606
6100
5077
9072
1795
2882
543
1546
3558
8752
4904
9517
3864
9944
1886
5083
7495
3362
2123
3947
5703
4034
6426
8566
1859
8688
3796
4935
2029
374
809
613
9049
5752
2315
2128
2097
3535
9503
5788
5069
9990
274
7119
6060
4834
8638
611
7224
8908
4324
3290
8919
3090
1218
2731
4572
6563
3368
2575
3045
1269
264
6364
3373
8639
8946
3515
2735
4063
9019
9710
2251
4412
8151
7557
6785
3945
9796
2478
4304
4399
1947
2987
7565
5726
5599
4213
5880
4974
4223
8426
7560
2177
1078
6556
4254
3735
9441
287
6860
5729
1956
5135
8929
1930
9234
1130
7577
3800
4512
9224
3781
2707
801
8299
3656
7803
9221
9852
9792
6497
2447
4782
7077
8347
5158
9514
568
7299
4128
6701
3889
1688
4275
9158
5416
6187
3342
4328
6103
4971
7126
598
7140
787
9234
6073
7865
285
4172
5044
4355
2054
248
7328
6935
89
9256
871
490
2103
3187
8599
4909
9037
4332
6338
4233
9412
4033
9837
2190
9744
7092
5385
8637
160
3379
371
6166
2533
5535
7190
8620
7022
1816
6384
3582
1703
6140
2641
9073
9164
3141
299
573
3347
4695
3405
8322
9774
5726
9055
6350
2280
1415
1724
4144
9893
4898
613
8992
8093
4436
1641
2093
9828
1699
675
4348
2884
8285
4794
8338
1965
5855
3977
1504
5712
6442
6447
1752
1239
3316
7099
801
1290
9585
9931
2482
2072
1228
2199
2879
2987
3609
150
6714
3060
5672
3589
9724
2646
4047
9324
9866
3194
21
1547
1192
2283
5974
612
2941
5918
4295
314
2998
5194
998
7821
9262
9791
8324
9658
4622
6508
5448
1813
1305
7067
4099
1932
8132
5731
6353
6823
9880
3966
5164
9055
1397
6313
4319
2308
361
8922
3373
6287
1655
9787
4900
8533
3217
7617
5897
2268
7921
4505
2564
6520
8543
6063
7813
7195
3208
1530
3872
5555
6838
5549
8127
3553
48
2698
8938
3894
757
5718
9594
6348
5271
8409
2809
848
5050
4578
5172
2207
2534
5180
846
900
4416
6729
6476
9306
3572
5500
4706
3027
1516
3600
2069
2496
1644
5016
8031
884
9856
1981
5956
590
3155
4608
3454
2017
8762
9642
9118
5175
5928
7374
5012
6774
192
9322
9452
2894
5106
3073
2567
61
9603
4888
7959
5615
155
5071
7348
1637
5579
5946
1531
5373
8953
7311
200
3076
5493
9687
5199
3531
7424
1361
6665
2092
6880
1269
9176
6053
5724
6081
5459
7366
6779
6525
8568
9309
4421
4931
9491
9562
3760
3264
6086
3332
6671
8481
988
6675
9866
9988
619
1934
4855
2139
4858
4391
2187
3282
7024
1591
2656
1664
6862
4609
6311
7692
4968
3527
6052
1470
5721
7808
6352
4353
7197
5894
9205
3290
755
7395
8815
7192
64
5473
3712
5220
9142
6736
9992
7953
1679
801
2218
3693
9410
1993
9139
3870
5519
1155
9832
3410
270
6466
2143
4255
9872
8280
9358
2784
6378
4573
2929
4797
5947
299
8794
4921
5124
6168
2297
858
3
9714
2086
6680
1074
4322
6460
3569
7370
9900
6614
860
7141
2265
9972
4986
8670
7019
3375
9049
4096
7625
288
1129
1147
6768
8359
5154
2530
4653
3699
4167
407
7859
6077
2197
3848
7578
4823
7554
448
6669
8725
7362
9416
770
4431
391
2318
9958
6962
2872
9448
3867
2804
9825
4264
5066
777
2721
5755
2528
8349
2741
8717
9525
1418
7794
4924
7991
3709
574
3957
4464
7864
4422
1064
1078
4094
3499
832
8768
3814
3915
9701
8837
5054
2805
7354
3354
3678
3100
6920
4449
9415
2736
6542
7521
8528
8409
375
3611
5625
5593
5368
1760
5503
8563
1252
3016
2217
6373
5138
3960
6639
3377
8783
9117
5618
5757
6175
8393
5601
8739
1432
7838
1044
2712
2149
9434
3286
290
1343
8385
8690
514
1913
4392
5787
857
1142
6835
9955
2465
9185
2388
684
9158
4713
7657
924
6110
2934
8685
147
9848
6039
3827
2829
7231
3828
6391
1814
7412
2710
8721
1719
7415
4583
9937
936
8973
3205
5414
2076
1473
4568
7264
9763
3529
9538
1594
1578
3516
1528
106
2629
7685
9387
713
6767
2960
5763
4314
7746
381
4290
2566
1819
4267
4620
4602
9144
1708
3025
8952
5173
6690
7652
664
4775
3297
1756
2581
1204
2828
5293
4042
9222
352
5074
9900
6723
7282
6398
7687
2006
7868
4504
981
4470
9174
2509
2609
4978
6043
3606
2166
8376
4857
9180
8542
4739
2467
1256
9601
7786
9580
7238
8020
8611
1087
7212
4343
397
9389
9310
5809
5087
508
6563
2205
6115
7090
9476
8078
2280
6668
2180
3992
6567
8523
6402
8234
312
7416
6746
4292
7499
7957
2802
8846
6146
9051
8478
9502
3782
3892
6575
1558
1819
7332
7152
8234
9249
9058
1479
9409
9571
8034
9511
9776
6091
889
7691
8473
9819
4549
5680
8775
1053
1287
5089
8241
488
2615
675
6787
8128
6928
4639
2649
8650
4667
7609
3887
3
3931
5706
6174
7941
8889
1702
5976
2970
3171
9658
1895
7773
475
6700
5966
2527
5010
2614
970
2766
5165
7786
9504
9406
4752
2688
5395
3418
7565
7607
8387
8240
2606
9563
8496
1463
9322
4505
7357
3615
4447
6778
55
5907
4665
4558
2408
709
2159
9553
5487
8217
3378
1531
1301
269
4852
3514
963
7631
3710
1338
9427
133
4747
2173
8935
82
300
124
6690
8040
4012
3504
928
6697
4624
7555
3587
2934
1338
8475
7056
344
8024
9426
7121
4521
9547
6887
4140
1236
9843
6193
9741
3262
8019
8372
6874
5024
5715
6525
6949
5572
6234
8891
8924
9383
3552
7466
1756
1419
7203
5599
3398
7567
7249
5334
6643
4068
2089
5423
4589
9902
666
3941
6182
4192
9812
5195
5404
6687
6919
9236
6006
3069
7904
3707
7396
8500
514
1975
6260
2104
3436
8532
2818
2369
2371
2529
232
8396
5273
2953
607
4786
271
4416
1291
8572
1471
878
705
5049
9768
5662
3830
5629
8092
63
3652
4902
3104
9610
6353
5989
8230
6511
4847
2947
6171
9250
7387
6518
2533
5392
5389
4818
6048
1692
7369
3713
5028
6350
3936
2569
4162
1887
2186
9804
499
3524
6465
9287
2610
7167
6525
2972
2258
3152
3366
7369
3679
6750
7685
1451
1551
4109
5785
1469
5101
2774
3047
3684
2424
9225
5617
9581
6088
1981
6830
9311
8314
7729
6077
8219
1684
9649
4321
8187
9165
1692
2253
211
5472
9868
4234
7171
357
1797
3560
6032
3168
8770
2366
6892
7244
296
2513
2196
2158
9808
2204
3248
1559
1512
6716
2661
4504
2691
665
839
8531
2733
3508
1723
3459
69
9615
8075
5936
838
9157
9394
6034
8576
6340
6177
8939
2534
7020
2711
6653
3330
8639
6808
6955
8526
1601
8993
9442
7500
2683
5548
1360
4485
7896
9469
9178
1015
4329
949
5326
4178
7949
4308
3449
5062
7036
1395
9562
2578
9051
2497
1061
1418
2048
4485
263
9350
455
2541
4227
8276
9024
6180
8061
5514
8071
2478
4578
6613
7752
9431
9229
8690
9009
180
5542
3748
4139
4511
2987
4729
416
7407
6122
3154
6125
5795
1148
6118
9512
3602
3618
2152
7680
2191
8912
9980
4224
7902
5321
1570
1569
963
8107
1047
6361
332
1737
3987
4032
7179
6651
7446
1715
5674
6364
9641
7041
3483
523
9638
4028
5970
9562
1625
6313
7460
7054
5388
2207
156
6565
4461
5737
6273
792
6094
2745
1783
2174
2649
1361
837
5766
2337
1715
8311
7148
8306
641
4240
412
9004
3290
7959
3863
9483
5076
1630
3962
2827
4173
2577
1259
3271
6917
1317
5585
7709
5875
7524
1616
300
3113
9294
62
5660
9238
2012
4208
9712
2147
1911
6296
3722
8130
5929
3353
6238
1931
3945
7425
9718
1709
1569
931
3464
9434
1759
3862
2178
7198
1293
5875
9885
5185
3812
3009
2307
7545
4557
5690
6860
8345
3214
1968
8327
925
315
7549
63
477
9587
2023
5052
1473
3256
8983
8531
8714
9925
6175
4063
3155
4852
716
7907
1456
702
3542
2309
1220
2703
6696
6997
2290
5948
6894
9500
8121
4150
8826
9217
269
8515
2107
7143
3325
2632
6476
3051
7240
4265
857
4573
8943
7758
3289
8115
5363
1407
298
9822
5561
2590
6325
5924
502
9710
6052
5691
5227
4087
5078
6979
9642
6803
7281
3865
964
5209
428
8248
2993
1321
5130
2426
4766
9645
6030
7677
3968
5092
8338
4623
8455
2643
7209
4801
2662
9102
2300
9236
4337
3929
4891
9080
1028
476
370
5399
5065
1171
4602
45
401
189
8698
7230
4607
4990
3084
5870
4534
3727
8378
6108
4767
8968
7562
9454
3808
9450
1221
974
4135
652
5200
3635
8790
1852
7913
9477
8908
2025
2794
9624
3790
9478
9860
5338
7480
401
9222
5256
3597
9685
8518
9781
3230
3255
5713
2181
9036
5014
8481
7372
2404
2935
1463
3575
9529
8376
3128
9124
6518
9746
4628
6477
3324
6775
4110
8231
1188
4382
1252
5365
8537
5816
8468
6252
5821
3180
7154
6063
692
9701
9677
135
1037
2176
322
1575
4920
3956
1400
2907
3297
8431
3848
3969
3457
610
5240
3375
8593
9610
1942
8878
1648
8049
6279
2727
9650
5301
4075
1761
8079
277
2695
8340
3548
6028
4770
7492
7026
2808
8254
7674
9163
8450
9103
7391
3883
4916
8946
7602
6362
7715
6431
306
6719
471
7571
7009
1346
460
7411
6835
9640
2084
2565
3035
5077
4416
1820
8289
6123
5789
9837
3801
4177
3094
7243
4519
2976
5994
8926
2967
6238
6551
1142
7178
8094
2918
7263
3983
3941
1687
1375
7540
7666
7247
8810
4376
4907
8068
2666
473
1020
9236
5892
2935
6684
7730
9111
8667
3743
1973
5491
5127
8794
9976
5210
3711
2253
1060
3794
4618
6252
4596
508
3139
5491
5392
5300
1238
1468
9536
5355
5025
1886
6300
5243
8239
3945
1445
7830
4247
2268
4778
6662
4203
9694
119
4383
7004
1884
8996
5865
7458
4768
285
9217
2707
7190
6854
2610
3334
9849
6726
9946
4830
5569
793
3769
7136
5276
1201
9596
4825
8663
4585
1778
8157
8455
2167
7450
5713
2450
4329
1653
2615
8036
742
3808
4440
9770
8395
2869
5837
1806
8920
6181
4609
3416
3519
4883
6551
7676
8484
6968
3675
508
6793
7599
8651
9703
1630
5148
1231
1266
5771
551
8266
3544
6740
7042
7458
7876
1414
7116
6494
8277
5301
3652
3351
1602
1109
2511
658
3966
8452
4662
6841
8811
1479
6904
9426
6934
4122
1587
1379
9069
3214
7389
9643
7106
8236
5161
6113
982
2660
5150
5253
4383
5982
4463
9248
3944
7370
6571
1126
3425
1591
7838
8688
6439
5367
9602
7163
8777
7634
8158
6574
4088
332
9166
531
4746
7280
7442
6798
3093
7446
7889
6377
6947
5528
8396
7118
7232
7111
949
9856
4920
7862
2894
9962
9079
6287
6332
4859
7749
7312
9953
8522
8626
9659
4278
7264
7086
3405
8228
7251
4938
5359
2219
3060
4497
8984
582
8347
9042
2486
3984
4229
2544
3349
756
8344
8679
139
4566
7693
1516
2728
4680
1394
8118
179
4246
5209
6225
1536
1473
8363
8669
8477
8350
4556
9780
396
1663
3314
8066
1837
1437
4856
3754
9413
2669
1510
9394
356
7216
1392
6658
7663
4081
5511
2716
7421
7947
7774
5130
2384
7785
8484
5058
2080
9668
5788
4767
3842
456
6326
6931
1021
1980
5811
9997
4342
8486
2687
6039
9868
3729
3108
4919
2372
7846
3520
1353
6035
8337
7891
9518
5351
3963
229
3196
7863
5088
9474
8170
6954
9128
3043
7521
7258
5164
7384
9853
7501
7463
8707
5030
5562
3704
4778
1975
8369
25
9085
8320
4890
1684
2016
2238
3925
5042
9787
2689
9648
3911
740
5444
6943
847
421
8800
5460
1905
1320
4665
5980
1548
564
7835
5247
2981
9001
8692
5695
7956
8057
2333
4656
9298
6621
161
3588
8831
8724
8353
1595
3174
4248
1301
9128
9967
9135
7133
7078
7461
8567
6677
3748
1171
6476
6920
7118
2256
7400
4881
2700
3667
2164
8114
7897
1752
7190
3564
2209
2952
8294
7416
8924
7505
3805
4723
7955
4674
8511
9113
1433
6908
9517
9667
3304
3537
7433
4196
1716
8179
1498
5566
8313
7802
5194
453
1650
5622
9709
8008
2950
4391
6241
9210
1115
1474
4489
6461
529
2169
3962
6874
9557
3120
6750
2079
9821
3416
5259
1969
6394
6956
6085
9736
6820
6031
1666
790
2525
2701
4665
8731
9663
1525
6110
7373
7632
4454
7266
9058
2639
6326
6916
5924
528
7252
283
2664
7802
6432
3171
6383
2276
457
5083
1608
5139
7970
8026
6278
4283
1743
3538
7529
4789
8675
9051
4544
6127
7964
6109
9348
7276
7856
7251
5459
314
1707
5309
8612
230
4859
8831
3369
3724
4819
9920
4390
2594
8595
6314
1361
7929
2679
7796
2141
9766
3138
8124
9560
3159
5528
7618
3472
5666
6976
8221
1190
3105
5628
2441
6183
219
5908
9901
7094
297
1544
396
6534
3195
2157
358
1847
4297
3353
385
8137
7917
4736
5113
7153
7408
5033
3137
4387
792
8579
3894
662
5151
2866
461
3846
5159
2517
2106
906
1218
1111
8056
499
406
8605
4450
1477
9140
8746
9731
3294
9865
7851
9823
149
5379
3572
3377
1872
3423
9893
9081
1081
1103
2466
1558
7915
3373
6648
9788
784
2335
9072
2055
4017
4428
2488
4526
998
716
2708
6226
4493
1420
5968
1892
4164
9625
4807
5531
5043
633
648
1764
9630
2852
1641
9080
678
3264
5072
8959
1280
5581
4658
7530
3838
1968
4387
1850
9738
9880
2186
1227
7092
3989
8716
5099
4802
9454
8818
2895
7358
6833
5751
8038
6295
860
1251
7766
1039
4965
7661
2861
3973
941
1886
6467
2006
8519
4820
9198
9673
2666
3949
8550
6820
7472
1410
4166
7351
4143
4456
6989
4130
7290
436
9527
9189
8007
3784
6503
7647
4491
8182
26
8410
915
3158
1070
4607
3131
660
9535
2002
5379
3821
8462
4156
5661
7093
4068
8982
8654
4199
2170
2537
4158
7948
3330
2368
5920
3831
3565
4531
389
7586
4827
5558
7478
5365
9635
3035
5693
4058
7197
6226
2181
8408
4176
1216
4144
1070
1840
3442
1841
1505
2761
4129
5002
9692
4448
6162
3818
1067
4353
9241
2890
9799
533
3749
1543
8494
4912
7751
6702
3847
1579
1706
5182
9323
846
1138
705
7961
881
8261
7169
664
2660
9839
3821
7911
709
9990
9846
5730
