2012
604
7925
8448
2119
7917
3807
9064
4078
3917
5823
7562
5966
6723
9326
1986
9426
123
795
1287
5825
8017
8329
6170
4536
3472
9363
6719
3236
421
9300
5705
7152
340
1929
7159
4038
5850
7534
861
4339
8136
7388
4704
1463
5312
4006
8553
5390
4415
4930
5174
3938
582
4112
6109
9926
3149
9026
2913
9198
9903
3509
7125
4037
7522
6056
5512
8802
8367
779
686
9839
1200
3572
991
9673
6175
9160
7764
6263
2479
5659
2470
1744
396
2032
1055
1456
8217
382
7880
3321
8434
9442
7067
9639
6975
7787
4743
8263
3815
5327
1734
7753
3275
9435
2574
1581
7523
7727
3357
9790
7396
2949
7925
2560
478
6665
9143
9105
7603
7550
9624
6995
5384
6946
4149
1602
4257
9049
4246
2658
8563
5598
3917
5134
7684
5283
4350
4588
4968
6173
4576
2953
4235
5475
4527
9305
2030
4645
6712
1592
7464
9472
2793
9549
497
4124
1800
5995
3798
5364
7369
3662
2942
8120
2468
7281
4664
6451
1384
6185
3088
4571
400
965
9443
1020
555
8797
1629
5380
8164
6012
6189
938
1347
3182
6709
8668
3735
7547
9529
7504
9702
9944
9704
3483
9042
8608
7636
5571
2823
139
9505
9191
6279
8760
2718
9381
9110
8570
932
4262
8311
9942
1912
6117
3723
400
5467
1697
1939
2395
8015
5636
9868
5224
4956
810
5323
6015
1951
7350
8309
5174
1453
7591
3349
4989
1405
7757
160
6174
8865
8384
7233
6070
2523
4577
497
3941
4562
4103
7139
3331
4099
5973
2817
8834
1619
4714
9125
4755
6162
5847
6897
6151
4855
6199
174
8518
7376
8664
5083
982
6326
4744
7628
9309
8175
9810
4559
9211
8440
5378
1787
7541
9029
9929
5614
8768
5367
4764
2996
6804
5775
4246
8472
7754
5890
406
6968
7416
6413
324
3703
8502
3377
970
4671
6415
6294
259
3768
9213
1031
4956
5541
6852
1093
5763
5729
7244
3077
7444
5322
1731
9514
7133
7665
664
5068
7154
2320
455
96
9575
3835
7174
8951
8525
8361
8111
9091
2848
6129
1980
1070
6054
3234
476
8761
2734
1832
8756
3780
621
3930
67
8079
5271
267
251
3804
17
2432
1098
188
7259
3327
7687
3035
8418
8378
3702
3568
8999
7450
510
9920
2008
5364
255
6307
7752
7082
635
2102
506
2193
9172
5406
2874
2148
7745
3487
6801
2839
4000
5517
6135
4595
4778
1380
9425
1436
8196
4035
3162
1513
5192
1887
5108
1063
8403
1957
4522
4915
6106
4215
1115
7631
1604
2425
7386
669
3925
7053
9617
2643
3995
1360
1272
1670
1543
2693
8795
1138
1922
7111
3840
2741
8737
7056
7939
3582
7749
8517
5202
7341
9837
6283
6235
3014
5994
3324
1750
8603
5298
3058
7481
1238
7596
1335
2955
9739
6244
8332
5465
328
2650
9238
7115
1358
3616
6600
7219
8267
4486
6507
4549
5731
6005
5410
3882
9973
407
4303
9193
543
2779
2251
1398
7539
6985
1775
2075
7179
1609
4507
5776
5943
212
6692
2670
1060
1987
609
135
3035
3411
9800
6571
4108
8847
3086
3271
5092
8220
4840
488
1830
2877
6647
1948
1713
6512
8625
8044
105
6649
6978
1679
6367
3616
8091
2322
9183
8130
8414
3184
1358
5673
3751
3676
4941
5719
1138
4272
8520
6479
1444
3745
9960
1373
1092
9376
9406
1681
6812
9180
9414
953
8248
1456
1289
670
9405
1037
9360
3372
1401
3505
7739
9011
5840
8325
7431
2651
171
9378
5071
6781
3924
6674
8498
9503
7349
6178
8470
656
2145
5621
311
1508
7263
2926
4052
100
1462
464
6697
3526
8343
2723
5687
504
8796
7178
8309
2408
522
8164
7831
8636
4136
1365
3504
2638
653
2192
8192
8243
5691
4717
4369
1994
1608
9161
6506
6167
9971
4955
5434
8821
3216
3285
8201
1812
6242
7751
5117
5038
5701
4252
4254
5337
7257
1567
2441
1470
8801
2183
1027
2391
658
8932
4057
4594
2209
6700
6365
5787
8011
94
9113
6328
5523
7298
744
6923
824
7558
2012
938
8343
4776
4774
2329
5531
2455
5595
5688
3709
5932
6821
3185
1789
6247
9786
4305
522
6259
7058
8154
1059
3721
3240
4900
3116
7863
6729
2392
4848
5770
8046
6405
8652
2339
3906
8083
4541
2912
9987
161
5496
824
9540
4340
7236
3056
9446
5739
8237
5946
81
6854
4492
9456
457
2598
7520
2919
5485
91
3412
7358
7960
1694
5353
9483
3845
7454
1961
304
5792
3627
9048
6935
6501
7196
2952
9574
454
2433
9472
6975
9860
4484
3597
2726
8203
6624
1753
1578
2747
2450
43
9748
5480
1575
9133
5642
574
7565
8818
7752
5255
9863
3095
4621
100
7207
9575
7726
4291
8656
5470
1873
1086
9779
6080
9292
8881
5755
649
2962
3630
201
4834
1971
9100
8390
8591
6619
2469
6161
3250
3909
4108
1373
1781
4606
2041
2943
1807
1556
3541
3710
1801
5202
8590
7219
7079
6269
2528
5268
3681
7544
8107
2624
5073
6311
379
7607
8689
6536
1396
2491
6773
5238
5482
5571
8739
568
61
7580
308
129
1434
8746
8054
6764
9681
9158
6672
5658
1976
4382
281
981
8987
287
8384
2457
4732
5882
1693
2303
6322
670
3028
781
6326
3459
3657
4231
7163
2894
6073
2923
3889
6062
34
7316
9005
438
9885
366
520
6180
7668
456
2398
296
8355
4154
4716
1611
624
580
9413
5548
9055
9444
6322
810
1359
2946
3340
5754
7321
7735
4051
914
4464
6786
5900
5514
9205
2737
2085
45
1160
3515
759
4037
2680
8352
5824
7987
5204
7240
4640
1082
9040
9761
9305
1851
3371
9788
9810
7121
8876
1080
9337
5824
6179
4984
4247
8064
9587
5569
3890
6592
7009
9404
8265
7416
3789
6856
4779
8558
304
9331
8882
1205
583
2178
7171
5443
1995
6134
5736
3536
4057
1093
970
7382
7822
4811
4824
3113
5966
5648
1616
5098
7711
2907
8859
3608
1984
480
320
5284
6892
9539
5530
3194
3458
3828
6299
3762
6883
6759
7464
1118
9060
2928
6029
5554
2044
7981
160
1656
3266
9770
7070
3435
9839
685
6716
8301
1074
5693
6497
9093
5476
3152
590
3537
866
5800
6468
3483
4103
7420
241
2059
9840
6657
1980
5494
6202
3221
1889
7772
8909
3263
8352
500
4355
113
9219
7436
6509
3771
8457
2936
2057
7524
1286
6306
3202
2920
2266
9460
7723
4943
2455
3613
1499
7672
3728
1842
9553
6998
602
8242
7824
1019
2522
1150
9444
618
2436
7457
6016
2448
741
7348
6576
4032
7166
4026
4309
6025
7016
907
3869
9816
2353
9597
174
9587
3147
5539
2952
6722
8203
4674
9960
1014
765
3629
5823
7517
9104
8050
2732
66
8072
8499
3852
2547
3700
1039
241
6738
9182
83
7309
1269
7277
4378
7414
9635
1128
3126
1052
6461
2756
8117
292
337
6058
9503
4575
8354
9101
7389
841
2226
8645
8756
7044
8392
8392
9383
524
4742
1291
3469
519
4870
5387
9374
7069
6570
2121
8557
7000
5158
5850
6182
1335
3713
3331
6088
7464
1738
2428
9883
3709
936
9920
9734
3585
1802
9373
7147
1913
7561
1350
5452
5260
2607
9895
2043
4676
1069
1170
7502
9630
7337
2442
2661
8151
4527
2143
1389
9761
8686
4688
6414
4515
6266
6912
7860
3638
9899
6515
9355
4653
2826
6756
4509
6641
5480
5788
7380
9343
8631
3458
4153
3166
6323
3216
9648
5855
8355
1837
1525
5563
6452
5063
7086
9388
490
2983
2421
1037
1135
5027
1324
1236
3061
718
1883
9703
8585
9063
1909
8130
4973
6347
535
9420
9950
9434
2153
9634
8984
9216
660
5619
4870
6791
6470
3042
4749
3132
6128
6742
2279
1562
4541
7667
2949
1170
2770
8482
8703
8447
180
2939
3940
3920
8309
2480
8774
289
5228
7249
6939
8700
3441
7649
5193
149
1341
6915
8190
9786
8170
4777
7858
2822
5025
7217
9114
2188
9998
7590
4391
9634
3761
9898
7898
4021
3078
5921
6790
2765
3581
4048
510
4997
9923
9169
1427
7929
932
9794
9621
1089
9767
682
2133
6656
4201
6688
2392
7905
208
6276
8568
2006
2731
1240
633
7798
1198
2490
4641
3980
3696
475
9276
8271
3003
2809
4175
3413
9671
956
1660
1701
2233
2465
3558
5666
2269
5170
2610
8929
2539
5009
3599
7872
9679
9697
2761
1738
9079
6310
5332
6048
8454
2081
129
1802
8356
4143
6967
861
2426
5806
7392
6080
7530
4040
1742
3315
4072
5300
5860
1255
9806
4545
8892
4180
6190
5376
9618
2218
4995
7575
2443
3429
4250
2030
5803
2157
6858
2003
5102
8479
2253
4003
9506
4275
1320
1178
6916
2525
7462
7024
4271
7688
2181
7500
973
6765
1848
5150
1664
2537
3392
9748
842
2783
615
6115
5895
1855
9526
1305
6987
3901
636
103
1959
220
8533
9959
1888
6781
4176
3857
8291
1751
3382
2420
6089
7061
5727
4540
7388
2460
1690
9258
9899
5323
2332
261
394
4529
4944
8372
7975
2173
234
6689
4119
2525
1409
7710
6515
3738
3199
1640
1457
4107
9345
359
5282
1339
379
2098
8700
261
9596
7697
9195
1669
4057
541
5707
2599
9198
8754
6699
6226
122
5
7417
7763
68
6463
4658
1321
6637
9802
7673
1472
9411
3947
1985
2434
8340
6299
8837
7263
902
6519
6739
9203
7438
5681
3177
7433
8304
7553
3912
9852
3539
8097
4496
6263
5558
8893
3652
6331
8085
5117
983
8033
5
8962
2109
3970
1112
4914
2764
4876
7802
4234
9680
1920
730
2070
119
2012
3144
2242
3829
3189
8129
1439
865
403
5414
6769
6263
5546
3493
7972
7852
9360
824
8402
6629
7092
667
6908
70
4141
7689
6108
7518
2783
925
1275
3338
6103
6897
7992
7959
697
8687
6078
9047
5402
1716
1903
5154
9326
4541
1112
1932
8827
3510
9064
6671
9693
3435
6813
373
7774
2467
6360
7819
8577
8359
44
5158
3916
4964
5487
1442
1636
2400
9258
5226
2602
1647
9596
9848
7718
4504
917
1347
6526
2836
605
1103
8143
6799
1621
1217
4698
358
2856
4428
7258
3836
2821
1943
4277
7410
1254
1895
3042
6599
7561
8407
5272
542
4580
6188
9056
6622
1147
8463
681
387
7125
6624
1517
8091
165
8474
7095
208
4313
8181
7815
8249
6751
5129
3290
3888
481
742
5213
8992
7542
2054
6888
7456
9477
8304
1066
4971
9212
2163
1570
744
1230
342
8327
6086
5005
9243
9937
8290
9989
114
2616
4698
9195
4744
9507
1074
2340
7057
9678
415
8863
8254
1930
3210
5733
3072
4475
7827
4923
2627
7932
160
613
4879
5743
4996
6811
7253
3032
7613
1883
7186
2265
3106
7736
5434
1585
2598
7810
3896
9682
80
9925
4352
9174
956
7076
7081
9103
3542
1762
8602
5891
7749
7121
5939
1327
961
1250
762
5570
9733
9437
479
2954
7344
2689
4993
8468
1474
9997
7142
3162
3308
6005
2116
7476
9227
5457
6092
2474
8909
633
7179
367
9161
8324
2414
7264
1048
8371
2956
3151
9053
6724
5925
6318
4844
2113
5381
2035
5034
6957
6837
8231
1782
9894
9379
4070
7497
9499
7003
924
30
6126
6073
8998
2765
1597
8960
7083
4743
4486
4851
7340
9633
2152
7504
1787
8724
9321
6257
2279
2359
7024
1023
1143
6289
5024
4189
5359
4239
5444
2310
3193
5692
5276
8392
8546
8338
684
1088
4891
7943
6559
694
7697
4496
660
2970
1441
2399
2882
997
4968
4209
6623
2081
6789
1961
1111
1464
199
7479
601
7076
6537
3224
8821
9913
3822
8233
4775
2756
7100
9453
9089
5861
6324
7435
8417
2055
7364
6713
9145
5227
1808
5459
598
5566
1661
6025
2284
2141
5698
7853
9296
8382
5329
6880
4965
8864
9101
1073
73
6451
6655
9980
3494
7260
4906
7319
11
7187
1492
9544
7235
7841
3119
23
5035
1543
9339
8041
7723
4824
5502
4164
1310
7302
2161
8698
5636
8190
2033
7930
3874
5780
9764
3626
10000
6228
4249
4899
8159
6700
7976
7931
6570
4533
2988
8296
2578
8434
8465
2651
4790
9936
587
1439
2837
3360
1452
1873
5244
336
63
997
1130
557
5125
1882
2016
3936
6324
2118
5891
547
8026
2694
6870
3817
6947
7073
258
9343
3225
4821
4669
6367
2554
1488
9926
1495
5547
6628
1946
4520
9347
4786
3531
4392
5656
125
3032
9288
8807
3914
1259
8517
7273
5549
665
5556
2127
1993
9815
904
6325
7583
497
632
9414
5955
4427
1520
3321
8577
1400
6506
6166
9794
1069
4777
2721
6607
5993
9316
2115
2528
4529
940
5614
8729
8308
1985
9940
2464
511
4618
4471
2284
8001
8512
3881
1876
2442
89
1285
9602
3027
881
842
8694
6115
5677
2862
3952
5188
2088
8961
4309
7874
1910
9574
7103
5479
1239
1224
9096
4469
684
6347
1326
8630
9210
4166
9744
5271
5159
7188
1215
8772
5832
4158
5016
9990
2613
7023
3153
637
2105
6375
9026
7580
4988
7151
2797
3201
3376
3932
3629
4478
4344
3091
3414
5191
1998
7264
4051
2857
2952
6120
433
4361
420
6270
4324
2035
255
2284
60
4970
8201
263
1665
8736
1421
5179
2310
347
8903
3278
1373
4326
4717
1279
1294
9987
5372
4748
6358
9736
7418
9117
8144
3066
4356
8122
7901
1190
2507
6085
4381
2817
3942
2441
6747
2435
855
9173
6135
8648
9801
4418
6132
1617
6138
8401
2005
5445
8698
1058
845
3483
2199
4263
9974
1957
274
5367
8932
57
5095
2956
1168
2690
533
170
5127
5472
4543
5685
875
206
3051
7604
7639
3098
1996
833
9617
7258
6364
4293
2370
5660
5091
295
9662
669
8509
4778
1181
1481
657
3748
4820
1370
2209
8209
3301
2538
1061
7163
3871
7502
6664
5859
1486
2477
1074
4329
476
14
4431
9503
7021
5262
5005
2705
4924
2657
4372
3169
177
7615
6327
7357
5569
787
4143
3344
5218
919
4526
9295
309
5907
8195
5140
1559
748
6383
6988
952
5337
9782
4476
5179
4666
1434
2344
5826
8960
7926
8805
6894
1495
3827
4954
8482
7413
2841
1440
6581
7696
5298
870
2849
8689
5780
7003
4965
9011
6501
4736
7681
2513
1773
8034
7073
8077
6415
6528
5649
4453
6257
5323
3932
1118
2053
6716
4948
4137
9049
6976
1653
9433
3201
6129
3738
4526
1654
3768
9469
3795
9412
9307
303
1633
6386
821
831
2474
8987
2635
4262
6619
8257
8146
4199
6005
2162
1053
6676
4657
3143
5084
2572
4387
3233
9619
9432
7514
8181
6190
3416
4883
8845
8718
6721
9224
2873
8597
3046
1063
2159
4216
3988
6796
1891
3399
2093
6276
5162
6336
2188
363
3042
6094
1148
7197
3782
3544
7714
9679
6375
3618
8179
5629
3107
250
826
6382
2914
8023
1825
9217
2374
9596
7976
3946
3982
9326
7186
4227
1997
5124
5817
9720
4599
2576
3175
6082
7334
7622
7315
5982
6931
6668
3071
5786
6429
5926
2760
9413
2262
4958
2349
2924
1466
2973
1067
909
2475
203
398
8398
6140
896
9193
153
4504
8876
5235
2542
3686
1436
31
1832
3743
2385
2794
6823
2794
486
1645
2959
4896
5250
4930
9744
1127
8030
3168
3169
1223
2760
2691
143
8674
7278
5243
2435
5686
3162
4006
3550
5667
9292
5345
3099
9938
1908
7360
9753
2285
1874
837
5643
9668
8022
5564
2241
9871
4030
5116
105
7256
5091
6236
2710
5885
9771
4686
7569
5212
1962
8071
6255
7341
7564
7541
8618
6393
640
4525
5446
9915
4206
5665
8195
9460
1464
8994
3944
2490
4425
7047
8760
556
8072
8107
2807
9349
9980
5024
6171
4687
7206
2218
5174
4723
4555
5327
5198
2766
912
4722
7466
6965
3255
3676
4089
2826
1133
4259
7785
2029
7959
9272
91
6338
9277
6455
4675
8518
2340
2035
358
3155
5768
4256
1892
8998
2850
3954
5140
1022
7147
8494
7376
4832
4431
7382
2682
8151
731
2759
7052
4238
2267
5638
7741
9821
9396
9195
6660
5810
3351
3773
8135
2501
1503
4311
7262
2222
4165
9836
6239
1453
3528
6421
2575
1352
3252
9499
4844
292
5403
8804
8832
4537
9986
9402
9287
3501
1149
5183
290
4195
3300
7058
271
5349
9796
6641
6092
5548
6704
7665
4296
1207
4165
1556
6611
9652
8332
695
1094
9741
7529
2674
9961
7483
7350
1598
4
6937
702
7901
1841
7285
492
6466
9694
5461
4593
3940
4357
9927
5011
33
8130
5313
5760
4356
2005
9477
6849
9838
2236
4259
5010
6178
5472
8730
5303
1908
9133
9011
1583
1636
6413
1921
7979
5835
3367
642
7950
4143
8886
9331
2326
9555
7082
207
2771
108
5580
1031
2535
6727
2493
3041
2066
704
9539
9493
3093
2029
8622
2715
1100
164
4501
3259
2787
2245
6681
8138
2069
9735
9559
6457
5436
3478
1033
9758
5084
8873
6273
1323
6145
7351
5141
3360
2519
7786
8927
3507
4383
1544
4406
2425
9255
7931
1067
2361
7648
2526
331
2535
3844
9556
4010
948
2027
811
2908
3788
8171
7900
5463
2991
8441
1623
644
9717
5591
2147
8937
6499
5850
6290
154
3672
155
3731
7115
6283
5222
2238
9711
6162
1897
3108
4823
100
543
1938
3685
9105
5760
6577
9794
5650
5668
3631
7292
5491
4191
7269
1856
8139
8290
9226
3534
5419
5944
6896
3757
655
4833
7179
6787
1989
6121
7364
9226
2078
2535
736
9911
3023
5003
3847
6493
9727
7533
4377
4329
7094
5707
3441
7904
6512
221
3806
4970
4838
3200
5969
8794
4785
1692
7368
4491
9030
9722
6069
1287
1626
7515
9203
3702
9392
4140
8150
1198
2796
7683
7022
7594
616
5297
8320
8677
5078
3990
9845
8903
4584
1862
9890
5779
9229
8629
3544
3604
239
3757
1553
6620
8284
310
4562
5264
7115
2663
9847
8277
8424
6688
4633
7653
979
1679
9983
3098
2132
4369
1887
7552
2572
6645
1675
5597
5889
317
6163
2137
2917
4181
9035
9572
7097
918
8896
7895
1185
3987
6156
3647
7497
7511
424
435
3586
5428
2490
5867
2774
9667
78
7171
4250
951
4604
532
601
8
6886
7219
1606
1380
3426
2926
1830
6858
1257
5495
6203
609
8584
102
2069
3494
504
366
8469
9756
3936
8401
3364
5326
3535
6812
7376
3294
894
845
8222
8756
2576
9481
3494
2221
8644
99
682
8025
2290
2582
2402
1783
2857
5136
1694
8835
9117
6004
6944
3812
7008
2287
8490
32
6208
9583
9293
6205
2886
3839
209
7143
1794
9940
6311
4583
9412
9837
4494
4041
1348
6795
4177
3676
1352
1257
2264
1561
6386
8171
759
8472
2044
5228
426
4312
5258
6406
6705
7657
6727
5435
4725
9514
3790
9385
8735
4406
5570
3407
7469
4116
6116
3904
1110
2042
8028
8817
7350
9016
8562
592
3744
4624
2588
9488
1103
1641
1923
2281
7950
4975
8546
4247
9210
702
10000
260
3287
5229
8881
4308
376
9392
4726
5328
1491
7386
5859
1331
2035
5830
762
3031
5962
3966
3446
2841
6566
2044
4885
5043
7779
1258
3142
8148
5475
5259
8035
1055
1733
230
2332
454
6274
7801
377
8133
8350
2626
6764
3303
9260
4405
2221
6919
359
2295
1244
2021
3933
8202
6142
6620
4628
4289
5166
3348
7294
9180
8184
3179
2988
6772
1952
8883
8716
1422
8459
7550
7974
3264
4041
540
8650
7890
4025
3493
1917
5295
7485
8665
869
4049
9376
6799
397
7955
2794
5963
484
4134
2398
355
3512
3434
1108
2942
2462
6328
6163
1983
941
51
7297
2986
7864
5657
9367
4432
9299
6831
4102
7759
7540
5886
819
9477
2723
6160
3921
6089
5503
4195
5794
501
210
9565
7316
1996
6700
4942
4607
517
5642
4151
9878
31
6424
1287
6282
4990
9004
9741
1521
8593
1077
5976
2631
1428
9754
9244
4831
4373
2524
5068
638
116
5837
7313
1547
3618
749
893
3456
2930
4302
4808
8805
8347
2059
3040
2895
9631
2014
9123
9213
8199
2545
8650
8760
3562
7426
2897
1385
1084
9039
5816
2852
1161
6893
6174
35
8290
2280
6367
8034
2199
1513
9512
7203
2196
9540
6840
5169
160
2951
8128
8748
7305
6397
8911
3313
4679
9240
9578
2705
7692
9932
3090
996
449
4028
29
8583
6595
8024
1959
8952
9517
5254
6666
9230
6267
2015
1749
7141
6368
1718
6254
9362
8779
2443
3537
1431
7736
8537
2424
7348
929
76
7860
7772
1527
4940
6689
9366
8924
6983
9032
4218
1792
418
750
7514
986
4854
7950
3669
9156
7657
133
6001
8579
311
4685
2650
8603
3268
1676
1993
9374
9422
4639
4009
9060
9776
9931
243
7661
6151
4563
3866
1670
4839
9992
3082
345
1981
7221
5683
6174
6194
6823
9887
9195
6411
5995
6777
7321
3279
3587
2622
2511
576
3216
5166
5718
9030
4039
6564
1891
8721
8504
7068
31
7814
6525
7792
2223
4715
5915
7917
9957
7994
9600
1569
5601
3394
1192
2252
1866
78
1839
8201
2317
8904
2881
320
1558
3947
854
5468
4592
4795
3629
1752
1010
1130
9061
9262
1205
3104
441
9165
8558
607
6247
6486
3702
2121
5191
7026
4408
9114
1465
6860
7322
5099
9154
3663
5915
9425
9303
2701
2330
4606
7894
6730
9502
2593
8055
8306
3912
9770
5242
5015
8683
2624
9848
3014
1280
6123
7698
1923
68
4551
5258
4579
9186
289
3016
8496
1775
9407
7447
1915
7463
4221
9284
6307
1167
2047
3367
8863
6812
6237
3266
3101
1327
320
2076
3033
1441
8560
9317
6511
8180
6546
2690
6365
1770
3612
2634
3719
2673
4789
7020
6479
2833
3763
3171
7408
4952
9904
4437
430
6553
1779
8958
844
9910
6812
8989
4976
8563
1690
150
7474
6048
1021
1329
9938
2714
2309
7595
2833
2069
3820
472
3780
8965
8117
2167
9190
8090
8165
2939
2993
2779
4752
3724
5696
901
3703
9313
9388
6740
8831
908
9475
5211
1941
752
1905
7499
4311
5625
5428
5237
4998
507
2036
3762
144
8475
5167
3610
3951
7958
4457
3455
6433
3923
7883
6973
5238
5238
6986
736
8818
6502
8533
198
6089
8966
6454
6026
3323
1828
1178
3646
2473
2126
9600
4709
6398
8745
7828
357
5526
3649
580
2688
7358
1336
5650
2617
4948
5713
9210
9430
2973
2155
7886
9792
339
1316
6524
1688
6422
410
6337
1848
3949
7168
6766
3562
5335
1424
5754
5490
820
9407
7405
1049
6159
6147
3008
2290
4808
2226
1283
1755
4565
2007
6363
781
1435
1911
7491
2941
4132
8906
2730
6864
1080
1348
74
3551
8027
6619
3238
9497
8459
2528
6190
8396
904
2423
9975
1046
6880
7107
7770
5159
772
213
9252
4231
8264
7533
3350
7377
3023
4907
9255
62
2377
3804
9125
9073
1373
8436
2406
3705
1283
3383
837
9197
2934
6094
5318
7669
7468
4310
626
6541
7147
4550
1668
4235
6630
4052
5401
8293
792
5297
5864
1550
8601
9133
5874
7892
3818
9845
7833
291
2382
3077
7834
349
3200
5425
1805
308
3768
2710
9764
5704
4575
2517
4428
9177
6535
5349
3419
3769
3853
7973
69
7057
667
1933
6449
5837
3557
29
3663
4788
3612
3618
8671
1506
1102
4001
3940
4617
3017
1890
6101
1302
8743
9945
2410
5492
1948
4727
9349
8238
7426
6077
5933
7316
47
3845
5451
3997
9258
4240
3231
1095
6625
580
4784
7897
5825
6204
8214
4382
4144
434
7125
9284
2097
2092
5434
3924
3084
8827
3476
6553
8123
4723
5558
9951
1665
3095
2763
8420
3263
6147
1180
8993
6393
8277
4985
5645
180
5189
5844
4660
1919
6719
4940
3844
8310
7257
1620
8288
1180
4045
3116
567
9036
227
3088
3861
9302
6531
2856
2308
7313
2697
8079
4144
7234
7417
5388
9601
6941
3366
8022
7415
3606
2200
6834
868
9241
2870
3265
6727
5766
5448
3793
8204
7328
1838
1198
6107
3491
4168
6596
718
751
1463
7542
612
1337
5280
1844
3651
7679
5375
3654
9650
8113
7213
8329
3882
4397
4109
5210
5475
4446
8192
2918
5024
4317
5959
90
1294
1924
6229
5548
7755
1242
499
5852
5868
9788
8375
4876
3552
4105
3568
9610
4042
7639
9251
8738
2495
2901
4995
5704
5115
5169
1432
5980
8306
8065
2882
8985
3456
2350
2682
8788
6272
7983
696
4073
8295
6093
7610
7102
2244
1905
5984
3462
2079
1828
3768
9223
3354
7953
1999
9784
9337
1006
4747
5215
3611
8467
6016
117
442
7972
5286
2205
65
7414
629
2676
7206
2208
5959
3176
7680
7081
6831
8734
9693
4421
7464
3351
3581
3788
144
5133
6201
7428
7047
798
3860
4839
3611
5234
801
5349
2127
311
8577
1432
3920
8653
5348
7062
8627
2214
3141
4783
9463
2640
5393
2399
4073
155
6731
5146
1609
455
1896
2076
7995
4522
903
6003
2992
4582
3163
4801
4665
544
4083
8110
9082
5136
3915
7577
5713
2727
66
653
1855
6335
904
7642
2662
9684
1232
9230
6834
6347
6998
7040
1920
5974
9597
2879
7285
8406
8131
3304
7269
76
1399
4898
1879
3524
56
2205
7380
55
3367
4661
4591
7653
4302
1071
8416
1058
1334
169
8120
8657
5231
3635
4237
1225
4367
3570
4644
942
2657
9892
9263
5123
74
4348
179
8090
6888
6943
1520
6294
9257
7440
1330
6353
5640
9309
5930
3037
558
5988
5734
4366
4728
9674
355
4008
8290
950
9984
6912
6935
3556
9462
2745
9088
2316
1302
3110
5996
3862
3919
2729
5568
9129
1795
1868
5095
3818
5003
7064
7642
8059
6518
9950
1787
9245
7105
9396
4661
2756
9202
514
3780
3650
3218
5161
4046
8686
1881
2477
2457
2136
924
4771
4575
703
7246
3540
3593
2564
8924
2829
4987
3073
4983
2249
7137
4983
6641
9990
1067
4167
5915
6926
515
2783
1958
6547
6883
572
209
1824
2341
1561
4610
9381
8321
7824
8460
3373
5950
4155
5268
6326
9607
7501
6920
1841
4689
2853
2870
4595
5960
2902
682
6286
3357
2227
5227
2349
8054
8041
1099
3138
2719
8584
440
5005
6433
7164
6210
1271
6503
4497
9183
402
6572
4554
5497
8906
2805
9418
360
9409
7727
6802
2734
198
4299
9813
5225
1086
1234
2314
3230
1883
4180
4827
7443
4008
6450
5253
4241
2785
7249
5946
9184
7826
4963
3649
9871
1594
8053
1616
5761
1694
6262
3919
4203
724
495
329
3854
8661
516
6495
9007
6619
5835
8117
864
7603
6645
9812
4755
9357
8472
8954
5443
6833
6311
2370
6282
6905
1463
9041
1714
5970
7043
5103
6849
1872
6149
8431
2253
5160
108
8766
6910
1119
2828
6003
7348
3278
1340
3593
6379
1062
1887
6223
580
9192
5547
934
1666
4042
7298
8706
3274
2684
7699
9094
1290
3597
6893
4030
2845
4166
6529
8114
6353
8992
6350
1787
2589
4740
8740
719
4655
1856
6270
9352
2952
750
4452
9149
9751
294
4301
2333
6822
9404
7085
102
8734
8290
6679
201
3871
4565
3305
2535
5032
794
6140
3052
1507
4335
1243
5516
5009
7318
5591
7992
2448
4504
7602
5878
9663
9398
9463
6120
1482
4488
6853
7907
5198
9776
7156
3583
6440
4846
8173
9756
8779
3659
5505
2680
912
7984
8274
3854
8236
4892
9654
1492
8778
6144
812
1008
7031
2408
4280
3015
3040
3277
5527
432
8246
4807
9563
7273
4058
9915
2768
435
3918
3409
8821
2381
4667
2614
1595
6989
8476
6634
7225
3052
2260
2114
2091
9906
7589
1068
3513
7499
354
6772
5069
8845
6214
7056
9107
6234
4683
398
4831
3886
2120
9175
1547
8722
1356
6094
3141
7894
3689
4457
1673
6372
7121
176
5084
381
3279
3680
6450
2853
4275
2812
9961
5134
9936
3608
1852
5193
5255
4451
2897
6286
7752
518
2737
1643
4450
9658
5330
98
8643
7872
9105
4802
7278
2454
5018
2156
856
3469
659
938
9062
9762
8765
2207
6977
3962
4101
9037
8742
2060
3499
1388
7731
7050
45
5497
4973
2844
3891
9033
382
4233
8992
2995
4633
999
7154
8820
2993
9458
8257
4472
6293
2690
8208
6473
8358
1515
4283
5720
3678
1854
862
3736
3883
544
7237
2558
6667
922
3187
5855
6212
1484
7314
1055
9867
5846
7730
2297
1878
9833
4662
1798
1291
2051
9744
2929
7787
7568
7336
1660
6210
410
9100
4376
7790
9568
4199
9061
3661
4828
4035
3799
4173
3399
2190
1189
5722
5564
7411
9810
5326
7814
9859
4170
2033
4870
8632
2751
3385
7805
1592
9640
4630
4058
6913
9070
8146
6587
9452
3718
631
3593
4028
7007
6026
7330
2013
6855
2805
320
7234
3338
5376
23
2152
5519
564
8419
5508
3382
1918
1302
8165
9205
6427
3189
4789
9007
612
7596
5154
8749
5476
9278
360
1867
2722
4446
6086
4414
7869
7432
7058
1585
9397
7357
4434
4732
6922
6400
453
1116
5522
2015
2829
9570
7817
9061
4696
4020
167
4233
4617
3404
4471
4399
5148
855
2390
2484
7753
7282
4605
9426
6510
4439
3692
8351
2938
430
5541
7634
9573
6194
932
2769
410
5013
5790
3106
2278
8296
5966
8401
2312
9992
9946
1869
3247
8868
805
987
40
2575
6939
4591
8430
9938
9602
5049
8501
8239
4182
7229
4059
380
1213
1761
1666
2780
2652
8739
1561
8586
8684
9380
6381
2400
440
7422
2585
2065
4378
9054
3787
267
4814
39
4822
3728
2106
1378
320
566
5337
275
1774
7061
9989
1549
2675
3483
3063
5658
2140
4925
380
3456
3646
7127
3378
4544
6975
9204
5625
5574
8278
4836
2492
7263
5301
1032
930
4012
2221
8880
149
8018
1315
3825
8164
548
6716
4002
3579
6658
8882
3838
6848
6034
7119
6801
230
1910
1440
5478
1150
1985
4383
9412
9336
185
8035
1108
4145
5741
1405
8478
4834
6543
8590
7558
3159
7024
8656
2882
4693
6934
4121
4057
2464
6260
6011
6210
4179
3312
38
8857
2123
7506
190
2431
3103
5723
3198
4217
4275
1344
9720
5769
9584
7956
5883
2021
640
5585
1836
8239
5376
5887
2358
4734
7548
4135
8244
826
286
92
6181
8923
7260
6884
9140
6788
5738
6840
8918
1077
6897
5954
7413
8045
9996
4066
3439
7950
8742
6180
7455
8156
118
1433
7457
6151
8211
142
5458
7831
8161
6072
5459
8208
8296
640
656
1479
1662
8105
9717
4836
1746
5931
9395
5756
978
2568
3526
5635
4796
5590
6451
3582
8472
6810
2339
2934
8713
7360
520
9638
7119
4986
960
6032
7970
7818
3291
5762
8567
3749
7466
5530
6321
2227
3996
7287
3176
5722
7009
10
4567
1425
3892
3742
7086
9880
1184
9769
6315
6083
7542
9922
3855
416
1097
4843
501
1214
348
5796
699
8219
4828
7046
1982
6260
4229
6235
1877
1533
2426
8245
3973
8614
5856
4023
4257
4938
4126
9610
8632
941
4377
2142
2610
8217
9927
9052
4566
5139
8028
3800
4660
9239
1207
6583
2561
8277
1547
1179
8435
7442
7558
9826
3318
8401
8820
6387
6961
7025
4452
4393
3486
520
7642
571
7830
1452
9969
6370
8778
5647
6052
9702
7688
3361
1196
6620
5461
8229
2104
7963
4183
6493
3497
9152
4021
9842
1537
2262
399
8724
8294
8255
1262
9478
218
3814
9337
7824
7535
1651
9665
3289
805
5285
8457
4029
5520
9376
5261
9137
5514
4462
6849
6028
1229
614
7841
3793
9432
7952
38
9472
6834
3236
9760
3164
1267
840
9994
9607
548
3227
2151
8356
968
841
362
2128
4488
3770
9818
2961
6111
7868
9474
8863
694
6193
8607
9413
1476
2525
6152
7369
995
7504
1544
4744
8738
9503
5873
6076
8864
1742
2531
8617
5655
4324
7315
9046
3939
4891
8873
8973
6710
4455
1825
6967
2367
5537
6450
3148
9580
8229
858
3480
8643
6056
3807
4810
4373
7569
8918
8444
7093
1499
3952
9572
5039
2992
2028
2227
3687
5953
5152
4620
4865
1863
4314
7649
1326
8556
4528
231
470
3376
7669
8644
4279
3939
712
3507
1228
6243
2109
7285
9924
4288
4388
7187
3500
7567
6816
3232
8472
2763
7973
8897
1628
3868
4411
2236
3827
506
8254
8679
82
7755
3518
2780
1241
1962
8254
5149
3671
6192
7139
2474
9945
5730
7124
3147
5248
8877
6877
8292
1404
683
9344
8217
2815
7660
5564
7258
6372
9585
7025
5778
440
524
3316
6696
6400
4907
1607
5338
9899
6072
4564
5615
7969
4113
3729
2594
2465
7013
6087
1362
9913
4093
2571
4775
2756
3616
8611
8124
7287
7005
8454
7085
9041
618
6982
6389
7355
2239
4985
583
6944
3553
6481
4971
5851
1731
9539
4373
5939
2976
5294
9689
4193
8351
3361
7426
561
7579
5697
5310
789
9599
5094
7920
742
9644
8987
9861
2132
1327
3989
422
8184
8842
1690
2899
1815
8721
1631
3775
8194
2828
3104
1853
8152
4259
3426
5043
8882
5629
6694
3036
3563
4893
3668
7359
2147
7280
395
6417
1384
3148
464
2036
3355
711
3360
5778
8273
9398
9308
7787
9128
4343
9177
8339
2858
5027
6581
2397
5163
1362
8110
450
3828
8705
6799
4730
8486
9181
3408
8478
3083
506
9853
7375
1056
5026
9197
6446
2147
1100
7069
2824
4151
6156
11
4579
2489
5731
7356
8519
5412
5666
4511
5311
2918
5224
7235
8604
3001
7377
8400
5884
9720
8744
1043
2767
3765
5763
4103
9126
7696
5520
94
4987
4815
9414
7243
6522
2774
5280
2092
7569
450
8990
2434
165
9345
9606
4583
8293
8838
3170
3460
2701
8002
8954
8733
1049
5341
8541
5354
6860
1832
2546
2223
2799
1948
1926
8431
8681
1947
878
2552
2212
4682
6128
6805
1033
5378
3054
4533
7842
3420
2540
6440
6531
1049
3690
8274
6180
1040
6644
254
1441
1949
6597
6428
2449
1294
4818
347
4693
4190
4987
2016
9479
7343
3487
9852
8589
6113
415
586
2521
5344
4043
9485
313
3094
5187
3026
356
24
9549
6311
5846
6236
5464
7798
5540
1645
1675
4774
378
5583
4789
3891
9142
6270
8869
2523
1842
1042
259
8288
7827
3754
9209
6081
6635
6676
6066
4220
3640
368
3949
3893
9163
6510
1645
9015
9331
5474
197
6788
9295
2548
4150
2812
4578
4155
3739
8403
4321
8134
7472
1950
966
234
5445
596
4536
2337
2551
3297
6070
6571
7279
1403
4028
3530
6187
8331
9480
2070
6351
5557
790
2801
8080
8247
6144
7309
8009
128
2750
396
8342
3887
4860
3193
1435
320
8817
826
183
6774
2285
9568
3742
2942
6553
4823
5016
49
5290
3178
1013
7625
567
8795
9701
596
7041
6914
7305
8304
8236
4955
8149
6136
4632
4742
5043
2
1843
7789
2029
3590
8643
9235
2834
8471
8759
5006
7786
7504
7455
1126
9130
2710
3735
3666
9705
9804
1686
2795
2747
2916
9948
4624
1248
4692
6602
85
3706
8898
7857
967
9398
4964
2836
9404
369
6483
3506
8609
9206
8532
8297
9469
1359
1989
365
9690
8320
6451
6582
9669
3226
7255
1298
1977
3666
6235
9785
9408
7342
304
9776
9901
5051
6747
6018
5368
2005
9166
1930
5392
2885
3459
4518
6110
8228
8894
3552
9215
9773
5369
3682
5909
175
4323
8625
5922
8180
7354
9881
2248
3747
3608
8507
8115
8920
4272
7413
3896
9271
68
3368
8176
7668
5575
2442
8952
6777
2396
9967
8124
9249
1735
6264
4804
4846
5757
2371
769
1908
6282
5769
4399
6496
8820
4749
7830
6312
9715
1443
5739
8086
4267
7793
3158
6471
4110
5756
4018
9713
2806
2912
1768
2357
9684
7299
8319
8086
3239
773
7810
6403
7119
8508
7279
5343
3618
3302
7148
8630
1940
7343
639
9794
1032
744
2737
7625
9718
5757
6095
7063
57
7885
3427
7097
3401
315
3352
2613
2418
6034
9380
230
6566
2820
9823
9121
2891
9872
9755
6580
8862
1281
4842
4680
8994
760
834
8708
2451
4094
1862
317
4502
627
5246
8312
737
2774
499
7791
9323
3010
5442
4065
3148
1092
2866
1143
774
375
7119
5889
2288
976
1105
8004
3806
9311
718
2884
2242
8017
5534
9088
196
7686
1686
4660
9305
1936
5309
6902
9275
390
2650
8274
8946
9872
6031
7105
5196
2752
3185
5512
5286
2822
1209
8519
8315
3226
5324
7746
1877
8115
6986
251
698
9467
5475
8077
5082
3228
2042
6928
8312
4381
5925
3005
3824
8851
7107
5480
4916
1267
1572
8352
2023
1499
964
9500
5226
9632
74
6647
2480
8562
2392
9606
7356
5794
6050
5732
3519
1116
9939
819
7096
4883
2526
777
2160
2373
3941
425
9065
3317
5274
4464
132
2100
7724
2270
2265
3376
8209
2541
1488
9866
7367
6015
94
3966
507
4499
3138
2472
1967
2277
7337
4177
8624
1566
2070
3419
8817
7177
9190
8740
8851
6778
5555
4743
392
2224
9852
6967
8597
4322
3130
4104
2588
8064
713
9311
7048
7914
1643
2445
6094
3023
700
8105
8373
392
7140
102
5344
9956
3789
1617
3131
9303
9902
1698
1934
7355
1255
2999
6068
5660
1406
2676
1940
3208
8675
8244
927
5639
4515
2827
9037
2575
231
9749
5480
7410
653
4666
7841
2363
5361
4588
2409
7847
302
7000
4386
9277
5273
9089
4230
6340
5567
6541
3147
9422
9395
3823
2900
5428
6122
2925
2526
526
4267
5614
7283
492
2322
4975
3219
283
9937
5646
4137
3223
1763
8570
6364
6755
1385
5302
792
6097
8089
8968
905
9349
5032
3810
169
7586
3318
2930
2067
1319
2849
4313
1318
324
7509
8508
5369
7285
9126
7454
1128
6969
2016
2833
3074
1726
7427
4090
5385
960
5155
771
2519
6956
7784
1219
9832
1932
1550
9785
8197
1519
6649
7743
4394
7987
8962
8858
2043
2518
4659
9148
6251
9555
8872
1843
8825
7829
9755
2719
9888
2084
9636
8066
6038
6680
5672
7381
4825
7268
3461
5552
242
9591
8372
4770
4164
5044
1040
4717
4244
1120
5425
640
9627
1098
79
2892
2031
1423
5909
8202
1246
7092
6562
2502
886
5079
837
7497
2380
3331
9993
8287
2587
8174
6684
7413
3198
6133
6444
1382
8107
7109
7013
9433
8329
4578
5674
638
2730
5122
9781
4728
6798
3907
1107
4016
1004
4985
329
8693
4960
5268
3985
5405
3424
8858
2622
9518
5556
4053
5441
4738
9282
8789
3755
9919
8576
1545
2830
1721
2588
3812
9282
3600
2090
7098
9069
6067
478
2149
9397
579
3714
588
6289
9550
6019
9461
8511
7947
5855
7350
7598
7758
9824
6650
3265
5189
431
335
3222
1880
7409
3182
6505
5660
1209
6713
9839
3389
1676
4399
7278
8309
4423
8634
4362
6962
2467
3796
9380
6257
851
406
6004
9497
7575
3766
3481
1343
5005
6787
2869
5576
2145
746
393
6224
9596
9615
1886
2232
5884
3282
5497
8128
5945
2537
3374
8351
9959
3960
6878
880
3504
6030
4006
6582
8047
8700
2206
4294
4142
7446
4492
8108
8412
9370
1907
2513
9370
3325
741
3103
6437
8222
8648
5438
1162
3690
9813
2260
9531
5096
5690
9811
9550
537
4432
7215
8811
895
9150
9070
2624
5284
2370
234
4488
3296
1687
3584
7153
2359
9464
6016
4361
3165
7688
5351
433
8699
7585
942
7335
2676
2455
3776
6576
1349
1322
7655
6377
8590
466
1627
2870
7912
9689
5290
7833
6670
221
2762
4393
7060
1629
8229
6500
5732
5731
5745
7534
8854
6620
8722
8390
2275
7179
9934
5595
7071
4154
1223
5584
9201
5801
3156
2128
8289
8398
8807
93
4564
513
2575
182
4943
6803
4495
6155
8868
6337
2821
8109
2088
3975
2866
2848
1846
7152
8036
5110
84
4577
9790
1478
2238
7826
6886
2175
7939
1562
633
4615
6506
3244
2178
6581
4530
8522
9803
6218
4994
4300
9162
617
7444
7437
6960
4750
6495
3364
9125
7695
1635
5635
7773
3705
4698
4282
7388
1513
2660
8218
9554
6449
2499
4443
7292
6442
1687
4769
4621
4805
2657
8947
4284
9780
2031
1626
6765
3286
5757
9424
6709
9060
9422
3497
8629
3388
8964
2524
2390
68
743
720
402
4865
1552
5649
2631
3729
8465
959
2644
3396
5680
9920
7701
2526
494
6603
8597
6558
3369
2968
442
9630
7680
1687
3847
2517
3207
6558
7080
6388
3677
4607
3692
8360
2704
6580
6838
6343
4432
5408
1033
7462
4809
5470
4473
6443
6974
8965
190
7834
9552
9588
2311
8611
9772
7813
4449
5832
4293
6581
906
7335
9368
940
7724
2166
8548
296
9912
1441
519
7318
3164
9606
1870
3252
3269
721
9569
5455
4072
4314
5778
9232
5311
567
3278
2789
4976
5207
3170
1026
6894
286
7849
1170
3213
8264
1254
872
3142
3260
5351
7252
3867
5194
6418
3613
6920
9602
7298
9066
3423
8386
2050
5133
4634
4490
7580
2573
9986
6536
2781
1099
3447
7836
9492
4481
404
7890
1103
3553
1538
3441
4087
117
7177
495
4879
5382
5478
8325
9569
7640
457
1386
6680
5222
1341
5373
3949
2388
3046
9117
8456
7826
8654
4982
5726
7650
8693
6546
7504
7429
8765
3846
9762
638
6570
3309
2213
4160
1770
1573
8131
4976
7281
9862
8556
6039
8557
8282
8139
3457
8233
7536
815
1585
7094
8832
2243
7396
8742
1510
2522
595
4570
1886
7115
1338
7716
6104
6055
3117
9458
4428
1549
4429
9269
4323
1924
9153
136
4925
5466
2223
4116
6055
1175
4155
9150
796
4718
5238
7103
1846
6904
7826
4718
8342
8940
3017
3713
1655
3370
6276
3592
5806
2160
5017
930
513
3667
78
1859
2733
8404
2087
263
5494
9437
3253
2806
1287
7014
4845
3335
913
8605
729
3421
7682
4911
7731
2843
1174
9602
4308
3669
4411
5534
24
4278
3162
3067
9690
5106
6425
6668
7630
6227
2615
4497
9579
7961
6915
1901
1892
9625
1376
3810
423
8272
890
2930
4268
8805
4946
321
2823
9191
7185
2443
8105
9701
2245
4095
8138
3038
2078
9804
1341
3040
2009
7144
6348
3230
186
4269
6410
2901
2712
465
2697
7673
787
2961
6130
3465
5462
5385
3158
7717
248
3321
6882
9327
1747
177
1265
9282
3708
2275
2854
7214
480
5458
1342
5258
1699
6836
7644
9463
1227
4299
5677
770
9851
3364
2008
2100
3060
5574
5674
5422
2352
5224
9058
2898
919
1474
9527
9111
2337
1051
665
7227
3930
2711
1446
517
4845
8364
1401
2086
2559
7347
9995
9885
537
9740
8765
1141
4053
1751
5538
158
825
1299
1012
6137
8040
4654
9396
3125
7564
5698
6370
2522
6742
7772
9689
9624
2998
4371
9913
9655
6691
8980
1450
5442
8108
6263
6909
8417
1365
6513
1022
7004
16
2742
3911
1615
6672
5171
7290
3436
1639
959
1386
5002
3666
8000
4781
4135
9223
349
4177
9274
5457
9427
6181
3407
5947
9523
8576
5899
7671
8335
4292
6324
2248
3263
7302
2124
4427
2038
5983
2345
6038
1851
6186
3017
4208
4649
3163
5862
8462
7467
8822
888
2559
5803
8327
5214
3386
4859
8006
4945
1023
8224
4697
4326
1261
6047
5228
6545
4222
5102
3522
3525
529
1249
2022
7870
9505
768
3542
8674
2237
792
9452
4404
6071
633
193
197
6027
5201
4522
4045
2994
8871
4561
6120
8162
3219
4821
8213
8042
4822
4640
5706
4753
9971
5159
2797
1718
1602
3932
2807
5850
9999
2504
9307
3450
2879
4923
524
8562
2404
8011
9063
9306
6298
7474
1268
9866
7807
7415
5793
3192
4541
4677
8851
2285
9368
3599
4475
5917
7490
1197
1669
8074
2583
7606
6781
9046
1460
1655
8627
96
1089
6898
5981
2966
4011
9084
1849
52
8204
2139
6644
1069
5266
5993
2842
7217
6416
6310
7005
4457
9264
3092
1145
3353
9574
2421
4328
4111
1286
3200
7132
1975
4981
8628
6145
9906
9649
387
3009
2608
5129
2030
2691
8411
2937
6884
8661
3223
1296
4959
8413
3874
6157
2801
1407
6500
3749
8
2888
9311
1775
6195
1295
8098
5744
2642
4009
7108
4134
3518
6020
7572
1093
2633
8792
1062
8210
2999
2069
5136
7492
8133
9642
4263
6196
5984
1217
9895
343
8672
6455
9735
7885
3779
3933
7745
4321
5861
7379
3249
3323
43
3837
9586
2363
3101
3608
231
8724
1256
9794
3017
4366
8075
6045
1162
9105
309
4738
3178
267
4317
4199
2400
3634
752
2848
902
4771
655
154
1829
2157
1748
9156
8841
3418
9806
2973
1252
3882
6259
8201
8729
2257
9908
1381
9944
1703
7504
836
5452
5816
5304
5085
6272
8130
1248
770
6079
608
5331
7575
6810
1312
3934
4967
4524
3920
2432
5762
4842
2129
9208
4487
5009
66
3364
4308
2689
5811
7888
4891
9977
8880
9800
4992
4761
4093
8895
7782
630
3641
7106
3966
744
6351
1200
7614
765
8173
2591
2261
862
718
9325
354
7038
5339
7015
7378
7586
8646
7418
3099
1363
1665
5632
6329
742
8883
9483
6249
3585
5303
7586
2980
5420
9370
5747
2350
5088
7083
4918
5036
4580
7996
7761
8195
6519
6862
4998
8529
801
5721
7230
9285
5281
9900
2642
158
4063
8023
6129
8259
960
500
746
340
4983
3150
8153
1394
9350
2629
676
2299
5422
8168
4019
9770
8242
9742
6246
5081
873
6251
5674
4200
643
8549
7543
815
1550
1224
6948
5544
3589
3943
3411
9089
1583
7814
678
4487
3197
4818
3861
3785
8242
8585
4863
7394
9161
3001
6216
233
5593
1049
2864
7340
4313
28
1265
3021
9521
917
5212
1922
7440
8985
8227
7326
3502
9968
3049
1951
6
1151
9804
9113
7075
9510
5742
7616
9967
9663
1116
2052
1392
2928
7712
1240
8295
4917
8816
1510
8793
3269
2022
8220
6440
8963
9148
8458
5789
4353
749
241
5337
8589
6276
8656
1398
6395
4698
7401
9155
9335
4638
4967
5223
9600
7472
8293
9435
5168
1630
3142
2194
1712
1467
9708
7799
1032
9407
3939
3397
8003
5813
8
7873
8007
7091
6918
4895
4663
8788
2809
9602
3304
7181
3768
8949
9078
9779
44
1619
9827
2426
1526
4574
2972
8301
6033
9830
2506
1999
8518
6820
6887
113
6650
2873
1166
8210
8393
6706
6972
2996
183
7636
2120
7579
97
6224
7575
7194
9009
466
3234
2557
4137
5311
5590
8094
3652
2267
9693
2662
7978
219
5062
1156
3369
8118
174
6340
5940
5198
3001
1653
9823
4610
5685
7339
1443
1881
9906
4241
2969
532
5752
1866
1936
3321
948
9913
757
9099
9235
5348
9385
2070
6325
369
6735
2358
9447
47
1652
4218
1720
2350
2172
971
5839
7357
2633
3814
2387
6949
1789
4998
6965
1038
1487
4572
6799
1477
4712
3878
1944
207
3830
8284
8362
3895
4732
6261
166
3351
223
1855
6166
2354
6499
2839
1452
7155
9834
7368
8237
4894
6718
7876
1400
6453
9583
2090
3282
6833
1983
7555
9144
4066
1673
7854
9399
5879
7323
5853
7256
1831
4819
1700
718
7527
2075
1070
6010
6608
7036
2214
5476
5741
2194
8700
6737
7543
353
8470
1460
6509
570
8790
1502
3402
289
983
7350
4263
9500
8478
8832
1233
5443
6604
875
3736
1862
2838
7699
167
5056
1745
7326
2281
154
9728
4520
6641
4895
884
4338
193
4941
6782
374
9828
4310
9722
1471
9074
6846
1231
8172
8569
9813
4938
5528
776
8688
5698
1998
3599
3028
4954
5114
1975
6843
5636
3375
1339
3385
8596
387
1891
3455
6590
1636
8063
8369
1100
6509
3218
3592
1919
8174
5721
6718
9359
1738
8785
3932
4165
6768
3202
2396
819
3669
8998
2111
5718
4718
9337
9700
2964
9576
7598
8306
6953
2024
6421
2344
2767
9353
5770
3166
2497
8326
5546
1903
8057
2011
7152
8707
8785
9833
7542
3412
5190
9225
8770
1234
8580
969
5800
8536
9957
1890
5456
7945
614
7976
9779
9108
1120
8179
7762
1261
5020
4161
479
6424
8529
4070
5942
7536
7703
9072
1680
4125
173
9820
5010
9208
9339
6268
3209
5031
5158
8362
8430
2015
7144
6962
5062
4763
1945
4111
479
1380
93
9227
3639
7525
3826
3136
9812
4541
742
5011
3901
1879
6016
8194
9267
7559
9321
9683
3718
6877
1283
4593
9470
8786
8257
1329
9221
1391
3546
5361
6248
2902
7813
9541
2427
2004
1326
6699
4418
2119
5972
5903
4940
7307
5488
7197
2965
3655
8257
925
4003
8947
8181
6782
9173
5079
5642
4637
9708
2299
2383
3886
1726
1633
1218
562
4632
2086
3980
1796
5342
2128
8778
5320
9711
821
772
7680
1945
2507
8982
8566
2619
406
5347
247
5955
8705
1280
494
7458
9758
1205
4534
3696
2866
2238
6649
7038
3787
4081
4785
9501
9563
3439
2243
1539
1613
2846
8903
3504
1078
4629
740
9852
4339
6937
454
8714
3392
266
3897
2366
5249
9689
6700
7355
6935
136
3020
6521
7785
9521
3619
9065
8742
7199
3645
8886
9145
3366
1428
5937
5088
8331
8369
72
9863
9271
6541
1995
6219
6134
5068
1267
2212
7568
8469
7105
7272
2461
224
3660
2790
2551
2627
7871
1987
6834
9582
4576
7140
9053
2530
574
8321
5411
866
6590
6748
843
7342
3661
7547
8673
5795
8412
1282
270
3271
9844
966
8490
1097
8834
1415
1040
9782
346
807
7733
780
7532
83
8577
4084
6332
4434
8089
4355
9006
2539
4839
9914
5053
3450
4258
8264
8447
8041
7055
9035
759
1818
5180
225
827
8542
2237
6479
2915
9576
5461
8724
6996
2212
1940
2977
6743
1260
2671
2377
3065
2171
4135
561
3658
647
8669
6404
1894
3255
1642
9828
1618
5898
5612
5911
7938
2188
9028
9817
7919
1715
9838
8244
9263
9011
2368
4002
9501
7620
9251
9112
3014
92
8815
8366
8279
3936
2406
9720
3128
5623
5354
18
1554
9599
9941
4633
1572
6886
8696
7362
34
8379
1507
2603
6906
1202
686
5261
8505
2621
3904
5079
6450
4880
6177
1203
6693
6120
8527
9632
854
7020
2742
916
364
198
8840
8012
2357
9539
4181
4432
5186
9630
1013
1089
508
1249
2209
6064
8396
7473
3389
5364
1676
6361
3247
4277
5824
443
2950
8313
1089
241
9730
9933
4295
8912
9450
2271
8736
7801
7846
3872
1963
8127
364
9097
2889
2341
6125
7329
1601
9787
2341
319
7557
5230
1783
1137
4408
5525
7296
27
2636
9244
4240
2219
4338
6449
3826
200
8079
938
7724
8322
5537
5304
7115
719
5832
9891
7378
4484
7874
385
2973
8787
5866
5171
5790
7212
8155
2783
4194
4971
5066
1895
9338
4830
7018
1072
9886
5618
281
3206
6289
5001
4075
49
930
3836
9314
5528
1056
2869
6332
2610
7267
3803
6147
7473
1523
5828
7420
6373
5116
5603
9197
5215
8855
3363
7682
9154
4852
333
3871
9710
1711
2976
7659
9894
2665
7698
3235
3598
9277
5631
2
4127
1677
817
3061
8154
6
6738
7365
5616
690
5489
66
3117
5535
1116
6297
8230
1209
3614
4609
4779
1618
2941
9700
4682
5930
3018
1646
147
564
4128
2861
1231
4326
8402
6247
7572
2036
7146
627
9933
3528
636
2420
6659
1662
734
5734
2556
5142
4142
6593
2837
9353
9494
852
2765
1167
4560
9479
4427
1744
829
9374
5657
4697
1466
2664
2555
5691
5233
2485
6273
3546
3335
8682
6780
2196
8361
2562
1172
7484
4480
5865
1767
2731
5904
5434
9678
2222
6222
1768
2879
2323
4717
6537
3883
5838
6971
1457
1011
6344
6183
8523
9049
5788
8491
9435
9550
409
288
341
8449
7170
8038
6508
8784
5312
1397
338
9315
5416
8629
5390
5636
1373
9183
8418
8939
9057
2135
1304
9052
9172
704
4799
2563
743
2466
6399
3910
6022
2109
5409
7149
7179
8528
9257
8799
142
926
6454
7623
1116
9216
3283
5510
6916
2430
3199
4710
1113
5158
269
608
4163
6061
509
5947
7177
4421
7915
1920
5831
365
5175
3984
2979
1932
2595
5295
6029
7446
2577
8774
7812
4823
1178
9494
7813
376
2715
2748
3926
8423
8159
9558
3630
9594
3154
585
7445
143
6914
1503
6852
6700
8910
7671
3484
968
6364
3693
6293
6689
1829
3850
8683
6775
6831
2747
8143
2052
4497
1575
6762
4216
1373
4331
2218
4747
6207
54
5318
8394
1403
1682
1952
4503
1037
9490
4491
2046
7863
7220
29
4443
573
2026
673
8476
1743
5098
4091
7500
6309
8491
933
2938
260
5043
9414
9596
9276
2546
6308
9739
7444
334
7982
8070
6928
6336
4630
4733
452
5280
5869
6325
9832
4248
6066
5490
5401
32
3333
8176
3195
3879
7004
3817
8972
3104
4554
7866
771
5807
484
7893
4622
4429
6413
4243
1181
6282
3816
3719
4661
4321
8237
54
9197
9419
6549
8140
1993
6188
6921
9850
7017
8013
4474
8120
7813
3343
4342
2467
3075
4565
7801
3552
4038
2772
6471
6572
8429
6631
4190
3277
1784
1206
6110
233
3253
3075
9796
6582
9647
1351
3663
8008
8493
364
3988
4866
8096
8625
2848
1510
202
464
5915
735
8779
1253
771
1953
6616
4474
3570
4228
9994
9084
4283
5618
488
8575
8530
8406
2151
8951
7016
5749
1743
1409
2025
9042
9499
6971
4026
6841
7968
4494
511
5622
6895
588
3454
9789
2796
9750
1397
3400
2933
5751
7122
8895
4713
772
2101
8714
3192
7049
4462
4189
1329
6935
8100
2309
9913
1175
6720
5056
6657
1921
8125
7886
6886
6561
820
3631
1423
793
7184
5595
829
4531
4827
8956
8975
2205
560
2712
3073
9840
9402
5357
1794
4845
4458
6225
7800
929
2176
1036
6184
9724
1460
4538
5670
2772
4461
5338
5140
2404
1459
8050
4093
7637
2191
5676
1973
1774
1224
801
7951
1640
5530
7601
9704
4467
8275
7949
7042
7436
4050
3971
3763
6520
7219
6263
9070
5880
6900
1721
8071
6391
9218
7401
9420
2039
9861
7188
6982
5924
7755
6159
1557
3385
3727
3482
8188
8360
6352
8458
4301
528
919
5877
4076
5000
6415
6256
4788
3344
9722
3694
1611
4637
5867
9144
8397
7842
8094
9653
3253
2325
1728
4830
9434
1622
1443
180
3981
6618
2312
3257
8866
8295
1288
2632
1933
6862
7204
1558
7886
3674
4209
7927
2721
4654
5673
9599
8604
9144
3022
9544
9946
6057
6708
8318
5656
5
4581
2392
6966
3682
6304
5599
5009
9190
1105
7496
7442
236
199
6903
8760
9168
4479
992
4714
7636
2710
374
7221
7415
5411
8415
2535
8288
4815
8664
2065
3289
1878
7733
2209
7643
7187
2187
6841
6662
3765
7136
3672
9625
6301
1044
3626
1157
3116
6021
547
9020
4304
5327
7127
7358
1915
176
1728
7456
5805
6046
9993
3823
1799
4633
4509
2047
7243
1397
5662
6266
2624
153
6825
8325
7011
5600
7493
7757
9308
1847
8618
1540
6986
26
5505
5285
8844
878
4884
2954
8634
8858
4493
543
1912
2744
5430
206
9361
3985
9815
5285
6007
8110
8895
3368
7259
6389
9640
4103
9478
4663
1046
787
4931
3719
4948
9982
8414
974
9925
1310
5537
6302
1068
471
780
5834
2849
2001
6742
6301
7041
4849
4717
9049
2837
2948
726
7268
1600
5099
421
2164
4472
3262
914
3788
7060
6077
7517
104
1755
4867
8596
3473
4902
2705
2342
7192
2991
3192
5095
6003
9334
4555
2048
3524
235
6353
7666
6469
7636
660
4942
205
3345
6932
9754
2719
8560
9914
8976
4371
1178
2964
8814
8951
2579
4913
2798
7524
4977
7221
7332
269
287
9586
6290
3128
1464
6395
5222
5440
7718
3457
9985
1947
5714
4290
4253
7562
9884
7919
5302
6108
6311
5622
7686
4886
6325
2330
9997
5359
7859
9521
767
6512
4958
325
5743
1510
8361
4346
259
179
3004
9162
7271
9509
1520
7912
3660
1891
6291
7469
4960
6162
6497
9721
1273
9586
724
9251
5314
9945
162
4321
6812
5588
2210
4486
6223
7906
9384
7368
4680
5078
3817
9189
6431
8118
3386
8509
4604
276
1467
261
1122
8666
8729
7685
6775
2603
1957
3020
8047
6648
1930
3956
3176
7514
9576
1720
1076
3164
7284
8442
3247
9251
123
5941
643
2757
9908
5488
4546
5236
3628
8184
2934
8314
6559
8662
1598
2330
9524
535
2288
4860
9260
669
8563
9679
600
742
3686
8269
9271
8801
3905
5380
4512
554
4767
7323
1445
6
7729
6705
4118
1683
9269
137
1517
2205
4933
6075
470
7233
6320
8391
1347
922
9864
7554
4708
8949
2481
5366
9676
2865
607
1053
7674
3141
5975
6267
8415
531
3620
3997
8523
635
4990
1779
7028
4457
1825
2660
6125
8586
4492
8372
25
2199
1858
7913
9544
4534
8450
1291
5118
5669
8633
2598
6377
5535
6893
8752
2077
892
7863
269
262
7711
9712
8273
4826
6827
9744
7504
1319
4097
1611
8660
1807
2315
9416
4535
5833
1116
5145
3591
2175
2794
2411
1422
3951
6532
1229
5299
7834
840
5721
9483
6705
4248
9055
9310
3869
7177
7658
210
6122
3795
9824
3730
2426
1222
2182
6426
4733
4847
1199
9051
7544
2802
5846
2848
3258
9638
1911
6942
1009
9105
8027
5862
7762
8623
8413
9025
1759
3500
7610
4660
61
7226
7999
9086
3877
5315
1786
8526
7688
4038
5328
4720
708
2164
5133
7457
2178
3314
1724
6875
5152
8948
9628
5866
6997
7113
9204
8264
8656
105
8782
1591
8861
4948
3617
4148
3956
4238
1533
4926
8781
1279
3845
1437
9106
2694
4086
4920
1584
3715
6440
4600
2819
6224
336
2647
5226
7271
7637
9363
3691
6296
4074
3693
3662
2527
7152
7666
8305
194
8604
4579
9588
8054
669
9854
5793
1482
1958
342
5820
9942
454
2584
8870
9935
8374
3011
6625
3792
5971
3423
3886
7553
9174
3194
2757
7029
8956
5611
4946
9750
8746
9512
6531
1860
9837
8964
9612
3322
3764
3095
5681
1774
4923
5406
6253
5287
6319
6885
7326
6886
6269
86
5571
9216
4127
1946
5815
6016
8646
1578
1331
8140
3481
5539
733
5834
507
7125
7856
5644
3101
8158
3890
9928
8395
1403
4305
9248
9557
9275
6531
3138
6666
9807
8295
2667
7415
4014
608
9038
6986
9691
3875
6077
9796
5478
373
860
4475
5585
1434
5951
7475
9955
3080
8788
9946
6831
9534
8601
7223
4734
104
8892
120
8634
1244
4009
2520
764
2246
1628
274
9995
3
9057
2336
4857
5532
199
6183
4509
2543
1741
6117
8691
6269
1658
4817
2503
8914
504
5654
4324
6686
6104
5683
5479
2162
5249
7006
8454
4902
1799
7228
6361
2688
9165
8115
133
5553
6601
5225
1503
4824
2951
309
9193
9839
8509
2546
2949
5675
5549
4332
5073
6288
721
2246
1897
8760
7980
4080
8313
6037
9035
8365
6888
7491
9384
3698
9403
8897
1927
1361
2641
6037
6876
6209
2246
9015
6209
7605
8062
7597
3312
4335
1947
1402
3551
4814
4363
2633
9562
6676
9139
3133
5781
7891
6802
2102
399
4908
5612
5487
9271
2026
5987
3219
5610
165
8433
5844
1284
2529
7248
7794
413
9279
2305
603
3626
3254
9040
5682
1802
4019
2382
2923
1448
8084
3854
8388
9907
9020
2275
1572
7572
2338
7624
360
5973
6548
4467
9675
5151
3560
6079
8015
1075
8771
2867
4649
4073
3562
9059
9024
2143
698
9733
3115
8900
6180
6224
6924
4419
9458
1684
7073
8738
7610
177
8561
1944
8064
2036
131
1865
8774
5443
4423
177
4353
9175
5086
486
1620
4296
4408
7335
8247
3209
6621
3444
3757
2917
4039
3570
2994
5621
5438
7266
8355
3841
8699
9594
8582
9137
2598
8367
8720
3190
5900
8813
7951
7554
5356
1794
9455
3646
8137
9622
9202
7746
8290
4336
8617
6669
1357
6928
9444
8572
6001
2357
7804
9905
6601
4513
8456
3913
6194
7220
9553
8289
4824
2345
2818
9580
4395
3629
3998
9798
7475
5427
3686
6283
4130
8765
9176
9343
7840
3291
3864
3439
8828
2542
1908
6774
703
1746
2346
997
4251
1863
8669
7473
370
965
6990
9036
2738
4195
8350
6507
9573
6526
8479
7350
3043
